5.061038866989963
1.8294932868991172
0.6314721670493182
1.8987667712675373
0.787622300372715
0.44385133599233106
0.729294873287357
0.9990395751382107
0.7443006104722955
7.49146397425389
0.472964507864805
13.854225475773141
2.3582962990254326
0.3246086897048641
0.2658511067732251
0.3451900779557196
1.087434276532919
1.0282391221208647
0.6253702249417475
0.6471978051853903
4.4947019981120935
0.3437026878390654
17.139912510631337
4.874164228389307
6.207238255923605
0.9874674461573754
0.856765312211324
1.3918381790154404
2.056747566230704
0.4742364354290763
19.13562946311596
6.579687668830768
10.3473147448014
8.784944097715993
36.139713368783426
0.4944391692856257
0.44111777689875553
17.23998081242218
0.8709807331067116
0.4998385116183746
1.263341933307314
0.9337917280968524
1.9867344035163133
0.6889296686985893
0.6360950575558899
0.5536009320569679
2.821563987248858
6.264284693455195
32.23022833903758
1.0132944666199597
0.5165711903829109
0.9516375159995248
0.3779326625838413
3.1084918829492696
0.6609809912201506
0.738370058228805
1.6007228706958396
4.025010605390173
4.287450263128992
0.9992555992446249
0.5179885436842826
34.14508760583459
0.43685276682378016
1.1662358033062201
8.485182782804383
0.3392156968565501
1.4442733224272255
0.5161500514304576
0.1708730302348364
54.97499828951989
0.6838890178398648
0.9094121827560603
8.428825591821468
0.2796171236360861
3.9923454373452194
5.301626651821547
1.7396296127094368
0.6418420273144012
1.0372042988865462
7.918184093528097
0.7557269808737523
0.09480333794119351
0.506115971183411
3.858401410095485
0.9314312406248466
0.2751443154189302
8.301695778606298
206.18369838720162
4.562165827920065
1.9716115206475142
0.5182377742379131
35.20138207012301
11.631573526791552
0.769540167991419
0.7267051461040748
65.09468416789183
0.4936327573470364
24.58193147038131
0.779294461361728
0.30728136486620977
0.7089891715269078
8.598242563515603
6.215428313262729
1.49545918629226
0.6281358077532051
1.3248248494584252
11.035790966427266
0.44166879072566717
2.238993226414075
0.7076699731843611
0.568143129025814
0.9231636688627758
5.459083559293631
0.4948067623068054
0.15542468427194456
0.6485599047192244
1.8282188859688309
2.099864230825601
1.4150620543455723
1.6638707023301096
0.4014729858667901
3.4926035304390934
0.5243667396411332
0.2647507800625957
0.5126568024683348
3.4992717304090335
0.2033552275663149
0.6175485479039008
2.6708169481847985
0.9449204727979219
4.478349920631568
0.3396419806252302
3.373001588219159
0.7733818610368967
0.535516800281465
0.12959219605264463
3.147890202493503
0.6856892433032142
59.86438624969865
0.3438357733692014
1.1366150583091224
0.9006057061419297
1.0809030857289632
0.812268586047193
0.9449026159887557
27.615442701046106
5.843456898198298
5.162266922158504
0.4033875260376308
1.3506962451514222
0.04643890210670771
0.5975714622216052
18.45624695013208
1.5314055759934968
1.2379541989023275
0.5313846879369503
0.4088640194322687
0.45967844589465645
53.57949970988559
0.6234067852320562
0.5244448281331624
2.370163900324905
2.0557384718109173
20.677449990239914
9.746368714057205
0.5942411884025582
0.8238906241439721
2.4202594966160533
6.156479353997017
0.6664664069547511
0.8154865597436306
0.9841423912196174
0.8746886597791835
0.7216683286767984
0.43410462599669225
0.544309452861012
0.7769144566668058
0.3342514283848452
0.8133734867715833
4.1954952594241615
2.581621120899978
31.435701742523495
232.5683928725534
2.3012618510744525
1.115507725112523
0.45557823444662077
0.3268773100767455
21.659374317412194
2.2718871879008393
8.283857313322162
16.061353720973646
0.9920892833077706
20.925966011585277
0.2790979391293773
0.47611762088424703
6.859604933839849
0.5915274199981121
0.2993068736709573
1.0005728486049197
6.264890282622489
6.2323747255229325
1.0584956086181914
1.628767476186287
1.8620662051705459
0.16486043165145728
1.324509395009229
0.735957667311629
0.08023005685492081
0.1901448681402914
0.7590973753227358
0.5368192127192994
1.024894736752637
0.14482994309624256
1.1930780863512795
1.5240235352817166
2.0131048547238555
0.8145731413971369
0.9180676686717913
0.4186831812641322
14.628297330988625
2.697136812109923
0.24406824066461577
3.4358073014737807
1.6720916563181245
1.3357879797672652
0.784752231721144
6.188548556402706
0.38205925024411264
1.832855705619879
4.95899751130365
0.5226402429846688
1.123293506531306
1.5660597597784953
0.6479220650657684
1.767885188940929
0.054433790644183994
0.48822047238825594
1.0932099175802732
1.290722266056442
5.579046654871946
0.7858162044125797
0.6735140950977258
0.8483128905057308
1.0877428154304358
0.8299749583028146
17866.69683480099
0.6161847374807735
0.6583485340142777
0.13959616742617245
0.8769043564305481
0.39441602707921125
0.5230936898382406
0.9378628327023847
0.5187512172833751
1.1231858294176111
0.47826835909206017
0.24399541511645528
1.81756122154964
11.774273373607349
0.5904632553994015
4.684032304121286
0.3124165124448832
21.459652745300406
0.6926911608550049
1.6941322671990489
0.2646376473869233
0.3528225802558716
0.935113776776367
0.7621516447272767
28.47320446286863
5.808838837910698
2.842037862389577
5.824746999309628
0.6115432531875978
0.5549494175899571
1.0324284336434302
2.009008516953685
3.0422754639911873
0.7628210855768338
1.524450898661852
1.6310593616280329
0.4610289681135399
1.075593579776259
0.9513746787026288
0.8703174998874795
0.4953242506939205
1.4047016858061592
1.5439461516356614
4.038903282794807
2.85383581643042
0.3927357924403858
0.3458699060698426
0.5120857913630203
46.13511780733695
0.9955986614745834
0.6826467969892934
4.263190315161779
0.4799561513659258
0.8270821001674992
135.81644890789937
25.814501201700228
0.6551766778724878
1.567072391885278
4.1267772225137085
2.858664413754212
0.7427510524959609
3.401989727357272
0.06322503973049473
1.5786024136231798
0.15299609721046462
1.9217422822726806
6.831174726749967
1.1116130489334368
1.320842249722529
3.6040665508717145
3.295796532835859
70.39912693542935
0.865161025103969
0.1831440666815849
0.9578300417026714
2.2472008982432787
1.117955965890303
5.752423538958283
0.724892487532397
6.282657616126812
0.566510557712518
0.14896027029230968
0.46833867425962533
1.0194607050241218
0.5999598035372664
10.598006043677625
1.1778922792316489
0.9387530030139037
0.7689013202658338
0.793070459948433
1.2838859925000985
1.21316902426124
22.107078327760274
0.7432820044156878
0.3808344339164958
1.4596570485226918
0.49731683193081666
0.5279724216678485
1.6565130329694489
0.8963062529760175
0.6406365087420849
0.3391833623973409
1.5449719961852084
1.47896294824156
2.53196221553456
0.7666452038439785
151.18300420644874
0.3363427343979884
0.10407391656554629
2.7297543195051333
0.8132893333293785
2.4273400795755675
21.680783791003584
0.8094108318544397
0.9885707254150463
0.31609944678169954
1.996907322198486
0.5126440747873114
7.318212468439181
5.0295229321644666
0.8509191090820548
0.6144420395188637
3.3507667158055123
0.14629677269608382
1.3019763699840354
4.613415312185483
0.594545231765241
0.6673894351408864
0.4996844785812302
0.09503793807891495
3.030108760793581
0.8358959238256942
0.04517415001779548
0.5190262794214328
0.20282056204003873
41.97776819992803
0.7085718173377561
59.61314824622577
0.057578784464917585
12.7180233320535
1.2229456594780639
70.87721956470283
0.7931632202723831
11.018462817396085
2.0090775543490187
5.115713837815491
6.305636861911097
2.212399675486455
1.4401264380812264
2.6719364718908585
3.448868528560153
0.2813484500001976
1.0506299416206402
1.1722165998311254
1.0273129311612204
9.48154167152477
0.37517096290735236
0.8908871070360835
10.777103040783956
0.5140351052177167
0.11528253263452688
25.670068992283664
0.28590144462777606
1.3165020410144799
6.414337819240377
4.367465245288332
5.175895268096356
13.37756093979849
6.816276651956475
6.924651270272098
0.631351967069375
0.539802026837797
0.3781041324976875
85.25848246725782
0.3502628648623865
1.173690000719204
1.1782214122005046
0.9221240295493834
0.5749277214914726
3.8312325579566893
0.6221168174414187
1.4123281681917013
0.18571823166632845
0.6332139812427553
1.742015161721108
1.866465130165501
3.906034621301182
0.3008507116791396
0.45614028249301575
0.22621856742594162
0.32191431870997533
0.5076816225094117
0.5923630102555909
0.7282324861848996
0.34362773336434627
2.0460531860230264
2.746320968748795
1.1834894039794375
0.37492892694262964
1.2881694316665038
0.44872954010614513
31.25632233442821
415.1257862469915
0.45513861105045383
0.8859427588486135
0.381158694834456
0.3018222674520489
0.1467680307730517
5.389147458283374
0.9362638263486157
1.0166227240249561
2.282084602914286
0.7585415740198501
0.513854692046245
24.881202946700068
1.7474091573692931
28.951196837479916
0.8644487695762668
0.7532495040633355
0.8346600675250884
0.17005724422468918
0.9769535418467739
1.2438757928085746
31.69185895856644
15.943163529527316
0.8745028942965032
0.9130380996097388
0.47072154595562415
1.4758868632283029
1.0505901873652543
2.113812318634919
0.1299251074507696
0.8421468251983081
0.6019896986526163
3.142007499203958
1.8296778999979952
0.6052339111257398
1.3002154143142286
0.1015325336028871
1.9375865217596397
19.152818304100638
0.1633189865848852
0.43426542470480056
0.23896005906381199
0.5175366900828579
0.9142662747541324
1.3251014365619047
0.35123715004975875
0.7246555509186099
0.2960678834739104
3.2106088806661295
1.9205369211982715
0.9857917754122744
0.8791003672177129
0.9104982074314742
2.2195699882623194
2.73870194546374
0.8754577389792142
0.9865032756230117
0.8698250694289211
3.2801895069996103
2.606114866941959
0.7328411410997131
0.28273307637594713
0.6801252101997237
0.3162983797027512
0.5211356140077296
1.797199033810207
0.16939638881193939
0.6227201480267472
0.334774862661243
0.5374450835484513
1.0968836173349974
3.7884539727287145
2.5830704114805365
8.48391124053022
0.7234696221763923
3.227503022120767
1.9268602154479555
1.3365791233582633
0.9040758531239173
0.1286214540752185
1.4939679514385138
1.6240133759640651
1.1481034503057297
59.12548880572724
1.689401315901053
1.1479120924976633
0.9551161841164377
4.298034755904602
1.7588769834923421
197.47405226748148
0.8963103361510182
1.2144536303062894
0.8034172059166433
0.6627978215212492
0.5266266128907764
3.515304890584467
0.1533620799725112
0.5568287438627503
0.6340187784991144
0.4220215284780149
1.2089814734366473
0.35451040423475344
0.4199693663163949
2.671043740502247
6.664773436195571
4.303436502345644
1.171608655352896
0.9013545927627221
0.24018166689844073
0.9341677930369224
0.7646557287025204
0.23236764731376489
0.3876091353697179
0.2040392577038038
0.31070505061812276
0.26272867065654415
0.45616195062764514
0.9279064436158706
14.238043070521146
0.5305867552008936
0.8882164625345695
4.396072126570845
4.839678168688435
0.9700569369942025
5.85278217756486
0.1704650825661112
1.2665013181886553
13.969216710310947
0.3423058288695926
0.7236038553683307
0.7598274937835443
0.8034468714653968
0.514139277224444
0.8268445124837177
1.1448113081752547
0.5195728392679675
0.8911395403107073
1.467412191366362
1.5226312666770767
1.1465089173868797
0.9806620508390529
5.968552820804154
18.961994785022064
0.8571463287631014
3.8428400572893913
0.3907058572083499
0.9559809492266587
0.5119095860613048
0.05966850070822416
3.550435958326456
0.47499900755983304
0.678003233272311
12.873651487706622
5.638791005892804
4.416434249578767
1.0028084452239552
0.8559009664065443
14.302426103867749
0.9400999514135299
0.41355313307793656
0.07697963315776186
0.1703931207701723
0.4928226444987956
0.8098442903448984
7.845580913845934
2.3093698710647117
0.6498097993638428
0.4295636669741351
0.6321508514111109
63.25733811912612
11.26437538904203
0.5611475295706588
1.5657875069173914
1.7317064234254924
0.5352659556876782
0.7299623785003331
1.0801412162505069
0.14543578528425133
0.39324216949081386
0.27592103902776055
0.42735160133201994
0.6875655576566891
1.0575215870539152
1.2204416707902548
29.17206733984868
1.2139555699759126
19.290392863241458
22.79247197129895
0.364311314895888
13.199461272151257
96.30573180296525
0.7421162805258438
1.8757744051689715
47.96415752631153
0.6644234439656411
0.4727017460675758
0.5168137738076831
0.40880018963916454
1.0862334366641295
0.10455450592496819
0.5311354446101041
472.14040135037135
1.1708020147912321
0.41841473578145266
0.736936263761688
15.40659828529795
0.4671886522523205
0.4413903725034543
3.9179822314913157
0.9483525262911747
0.5521177109166486
0.8727638633885343
1.0331384893812057
0.36217809836984427
12.52854439568771
1.5941326400168319
0.8970407680736678
0.9044395944987202
0.5159621008368909
1.5131483057219295
0.21476663046728395
7.250176869731728
4.520482651998471
0.9274775051134704
73.50840870901088
1.0194124108295908
1.1987619153119118
5.032498479683392
1.2412790171096524
0.7595803726683481
2.750665023898073
1.3801288755269572
2.476734994013253
4.765802147168862
0.7763157535288976
2.3053739584493855
0.5657346383747874
0.7304959184682582
52.86897831885874
3.270872838234955
0.27620906045071864
0.8879134760239974
0.5457550716985133
0.4160940790726818
0.299272603928289
3.8863224588047527
4.9856860431341445
1.4047409051283466
1.403716021312067
3.2285037919940276
1.3505020841537696
0.9326170863747416
0.6633713728864691
1.0760663851139125
125.4989343353741
1.5410385694990585
29.172181979177765
2.795933414227407
0.5266148269390659
4.969975853635143
0.5598304066826953
24.409749073879436
1.2586614025749936
0.2859065852792019
0.33764599189005345
25.30169036631161
33.284380973955024
0.6213383044587999
36.792603887442986
7.809853491994326
1.0953260713932695
0.5769790759116772
0.8180852405225235
0.8967347785821485
0.48930040948083153
0.9488317221014153
0.24625725555228745
0.1610369894832188
2.1656339398208577
0.62879204128992
0.3629200406260348
0.36872428080504266
1.1413616229399333
0.338804061716135
1.3538137448192518
0.9937177183993035
1.28531654551622
1.0430369149242305
3.5583946293397983
0.7040999228041755
0.618118792457276
0.4670999854546964
0.2000225591031156
6.841227083184093
0.07964564409135536
1.0698843707226655
0.5306156965889434
26.66247732680102
0.5226224924162536
1.7492629149797418
0.5234133481812655
1.6145883786121111
0.5108894555430223
0.5202575502834323
14.747905102683378
1.1573623200557523
1.4724530840435786
26.715393619872334
10.118420289085524
3.1599246268402013
1.5733965230874696
0.2889787473392041
0.4787245044131817
5.355784267686856
17.98071521547138
19.881897966866564
3.461719678460622
1.0128547246089221
0.6650564565643752
0.8662914990131843
0.5358821589598766
11.148645005997555
12.023668736945408
0.6745022323031673
0.5376251992683434
1.5739056316523015
0.7210802099104718
572.2682856854146
3.5057237462695254
1.1962491589301778
6.683056216685411
0.7781060697423503
2.293890660182074
0.7695749058776281
0.41346629180348526
1.6371967552683242
0.9199058143998369
0.5917764545962606
0.2628121704687963
0.6582104791920295
40.33281452909828
0.3834824628243932
481.7628142982692
1.0446583069160915
46.70207703803814
0.14353613172628055
0.7802927477818199
0.8086786731709321
1.2517700808948784
2.111336645809426
0.18898009098887494
6.072705622199717
4.2977716992853745
3.2124767116255057
0.3118750543563984
21.65754398981595
1.281311450752243
3.8241006723675532
13.887060531150624
0.16930740076315492
25.80087473019578
0.4747638838245319
2.162911948771076
0.17445966808426427
0.7424360431635483
2.047976348051728
0.8699874828386489
3.8116012874281666
0.17828192841767232
0.16830576555897878
0.4442305856872103
0.8759321864444963
3.8371001459395346
0.36322430749826007
0.3336312940016391
4.192423947621007
0.9321998967517124
0.922385008273788
2.272605452708637
1.168695179967909
0.17594059501879117
0.18741428720600653
0.2613208165122032
0.25547079038813725
2.6516683704777217
74.76495379715574
0.8663064344661122
0.3830323561466419
1.956155040396123
0.5593432492584046
4.2865854177103815
0.48251417563676224
0.26809530591622804
0.34449516163955307
5.313123851799559
0.51993575103899
0.6935850388206972
2.77926890301114
0.9033378753351649
0.360585292661307
0.6664651595083583
0.6216091981317869
2.996189688170344
0.3134612841513721
6.8727956133640165
1.401228114692321
6.261438508637835
0.357034943383836
0.11913085588136389
0.8809602759082831
0.18481186752346462
0.6512259222845649
2.5142302852275478
0.420256430476368
0.14263660913453438
0.13848254440311805
0.7515911934711924
2.4927750232367845
3.536102763912478
0.7655695209066987
0.5850019054133213
0.21706242222707942
0.959517598451728
1.1210204660959509
0.5584964365002534
0.6495552876118322
1.8501510481937564
0.9794126840040902
0.29295775580527106
2.206638388546452
2.4874057845485007
4.559183677481021
1.0090607750240714
0.7712438461969726
2.755018542959443
1.032104809931756
32.617067542999195
1.0142030701289397
0.6580846382069139
0.4604385692519049
0.5798983092238285
0.9450146841934698
0.3232763939305584
1.8453028005672563
15.280486413080364
1.8562572567634066
0.619560424991484
1.2872430457991677
2.1851975337887017
0.08508014351851965
0.6763313979864795
0.9347870193795255
0.36938856976776346
0.7286413891811193
0.43312671488170507
6.724411597682368
1.129680639802331
4.342262249389453
0.6165795549614757
483.2877923318895
0.9330252327858797
1.1347186680916908
0.8573238796521715
0.7569238329998644
0.1180901847243048
0.8665287363418126
8.236974872122074
8.58802186031578
0.3760449405817557
2.3230733663572476
0.39963467647559814
3.3932203187000196
0.849972065298569
69.83215450649965
0.5522158266228159
4.3697219054885545
2.988179828643466
0.424890978616251
0.5449721029364321
0.26885750691522053
4.498382965955595
0.673941161323378
0.3155499402477465
1.1464502713027864
0.9387481459245159
56.00693606467853
2.000392390509244
0.25206517962811703
2.2985683808339563
1.0867077674386958
0.9970428767361138
0.5308533936656008
0.39554042427346514
0.6239641995182934
0.7274862375634893
1.208796933057871
0.2830645096947958
2.1577025670639616
0.4134938849829791
0.7220863739797437
5.102390428208224
0.9601560728546942
0.49887613914240875
0.6623749200924277
0.588835735327677
1.7868683197116946
0.6402903384180791
1.0168495434835074
0.7350933131080406
1.3719876802600326
0.894782782497003
0.5255953969988888
1.4093819133866556
0.62823658870935
0.3343151563361221
1.936226311982024
25.90172136682918
0.7886369909824994
0.5879493977619101
0.7693713561840028
0.25330389639443623
1.8460237396222288
0.44318395256734483
0.262622132009246
8.318453587779736
45.52731884672137
1.2871659522161922
19.85376241849164
0.24429988781708215
1.7012490773416895
0.25745927568336163
0.6658989128050983
0.9087693432100082
2.161977016660915
1.0669882132317823
1.0136312526565747
0.8709167804908993
0.9753417908125765
2.3651075920558733
5.643910986494946
0.3693353707338379
0.7300948309046754
6.307392546451709
16.611985482077205
0.307437021915948
17.929591516971648
0.9290192220797825
0.5572014583567969
2.8960320207079233
0.8462584440620814
0.684994813422884
0.7068673597673478
0.6389917823405945
8.052486069139874
6.424093774513147
1.4448881197986385
0.9798642212351762
0.4771835077907849
0.7562070454771735
2.2328483643539765
16.622316184350083
0.43157933884583605
0.927959048994259
0.5910455026622474
0.28898012469759815
0.7599681079754381
79.5163330494262
1.2894759313404502
0.7523369453734722
0.18688258319914605
1.8512927395630707
0.7565607541755462
7.726242832099351
1.9552628711851932
1.2108613177761904
65.74555290164116
30.467346063783467
1.333938401703765
1.473728651011049
1.4622266427329538
1.6206829638967382
3.958373208465594
0.33986544757665726
1.5335439367757344
0.3350442516115264
1.9384798436986188
0.8069685309569258
0.5006967817470258
0.6062346347152764
1.2160743294231342
0.22867677519004545
0.4780596547045903
0.8333715104231639
653.6229570192376
0.26343208230546067
0.20658717166278873
1.3322246059093297
0.5646263886128842
0.8025966864610392
0.2959472943995796
6.78041921836869
0.49257185830354017
0.8391907901447713
0.7631975210188481
0.40976048384766317
0.499745102153897
1.0976122586186323
1.187315609473482
1.1474780328871685
0.7387763176825299
0.140982228223179
7.765509829748499
0.7826804476217738
1.0001496614127932
1.753625909519035
51.709320744038024
4.153754693818362
0.5541685400317558
0.6009558701772757
2.3572273978336375
0.8394422610107708
28.934631216464666
0.5106410267779639
0.8571327581865252
0.5206629263830681
1.3805567046291098
0.6795948819452905
1.528509721435078
2.337598656941181
1.708878603039705
0.750224263289398
0.6258077950121934
0.7397379833661
5.119436589648686
0.11112094974826305
0.12536394717488464
0.4627789840246318
1.6862665150110099
2.9282634181453386
0.5151040814015587
0.20349789212949518
3.1163768548162802
0.9479502034376629
0.43845946675596786
1.7056954806152538
5.530240899068227
23.464693465936975
1.3950564748700556
6.432900871877045
0.6362647709348849
1.6853636206291644
1.389759477613241
0.9271972972898104
1.1054481093070447
1.1261871579069778
34.37654360223234
0.680394337819365
1.6965080125784953
5.704803977992455
23.424942182799217
6.9032888936854535
0.47121572277116447
1.1704857721720046
1.6584021506015294
3.073834963223364
5.850515778529459
1.004578239508004
0.8615552514381664
0.38324868224446085
0.24244935564968692
0.1831774982376502
0.7298859406463619
1.0890599943075658
0.26114078166990257
0.7699836675408825
8.07819857060387
4.243760760194778
1.0480287607471321
0.46221077631396357
1.1627423917061859
3.1864061013241494
2.5543528940590847
0.26707177712006247
7.328212452604757
20.75963671595114
4.0410450904290425
2.120528976517488
0.6784367049257045
4.587597301180577
1.0381150989289591
0.888005680724414
7.244382162377086
0.678340071200778
20.07741488298073
4.319450794217306
1.0898307098104452
8.969901335812043
2.442515620230225
3.277048330742416
8.168128612625127
0.25697271697550683
5.42321797044158
1.3673106165764302
3.452260134339208
2.28194307971162
0.5871225156733034
0.14102897673445516
0.37639205016937366
0.5871310075261216
1.4266337665465787
0.33530638080519093
2.0104692664328283
0.31085970134079155
0.22942764981961478
0.39981077809070087
13.11726180756565
0.17587073895216299
0.2122279919542119
1.1484572006053875
0.7302090667210506
0.6013484866848666
0.38540102782079616
10.734590165511054
1.2226605207079044
96.70684420237757
8.958246300567751
0.14901453606242673
0.5034592056623458
0.47333867892661935
1.023106630108939
0.670087740848091
1.289478693415746
5.359977742212334
0.8830894568130419
1.1164218046080243
0.5423159690480077
1.3493118179058672
0.24275581072332242
0.31576341551907133
0.14369707257255734
0.4895504168996883
1.1355375308178686
0.43822544612586767
1.652057055460821
2.5298408705068764
1.071890636527525
1.0457490877139854
0.789344120223265
1.6697798096162675
0.5284416713499548
0.9756223460609995
0.559805793794824
3.075759960955015
1.53172941717479
0.21440888975802874
0.46968210866655197
0.6689985944650365
0.2323014954446223
3.2227223597955597
2.6311789862824875
6.320649259755456
0.43411054270434074
1.2931694086260839
0.28495915832850577
3.3021869912182122
0.8125170543377255
11.522503009070403
3.7161143855146634
0.45542171590972275
3.671208922247877
0.662209990809254
0.465166917153559
0.17596270965646826
0.8664036699736472
1.365330054152722
0.6950182285622759
0.7332564032939675
63.11362586896591
0.5059605357230799
6.0277366244517125
1.8725537212229364
4.27775413608706
11.746455627920053
0.7563964605366896
0.6596311447417627
2.4263991245703043
4.359066546042197
0.4182490915727631
0.311421581576535
0.29710432431262207
0.979588549932559
4.834264225845124
0.20432029983041103
1.4597015612795134
27.060855846264545
0.36231497248289984
1.1156924938325903
1.5055906717266223
0.6629270773856794
0.7808455354005095
1.3308566137369395
0.36771248444801485
0.2861384882799729
1.2607817887378976
0.8280180885659147
3.2117916386796264
13.765400171266142
1.1340497454615843
0.26163177142102834
0.9731789371252734
3.9254607958422825
0.3999326235691428
6.630375462128238
16.411342599642982
3.9804229976438106
1.201568686426132
2.632071414599971
1.0215528391695772
1.421658299004495
18.604535712112035
0.19216502478834918
4.489095295746955
0.7784030206538968
0.20379679784316554
0.5645710349120805
0.06573662708996511
0.9004660008896903
0.36960751192875296
0.6947415466578817
0.7468924326604273
1.184825012019076
1.7225266907269703
161.44855027982433
0.6235208059610977
0.6974766510649925
13.074190552698813
0.7451606510712155
2.576121272029951
0.5437608986598964
0.7695217616559554
0.454226145174088
0.26239382678947387
1.1435887494541679
0.8226389262295025
0.3293263156611672
10.592045236599208
0.15096972177970583
0.8977302155264516
0.28010030183907253
9.485413974853085
0.41445401430783574
0.7963819221260491
2.078577250959192
0.6545343139515302
0.653343716168024
1.0173790010326536
0.1386663355441854
0.507749406098277
0.1873719032795085
0.5867207352118862
1.77246181494999
0.5370995682471045
0.8195959057043477
0.9055371243944162
1000.9711316216279
43.031062192160576
190.23283496554885
4.738348621906559
0.2563027355324134
0.6700192002379635
1.909426646025951
1.506551306575905
6.938127196824624
0.47317958775424074
0.37429481618496857
7.910758278071276
4.629688627089056
0.117044738513763
0.47192378490942244
0.5659317842852415
1.3490358087961671
6.779814579508053
0.17846012131832992
1.375113164283316
1.5418155874420325
1.1503960714984192
8.154710319255473
0.5548925098609986
1.0156167140893106
0.5865869754742834
0.5783425224688299
1.0219345823022112
13.339869828361183
0.2508773833188839
0.4126789668007425
0.336140040986797
4.865162846647789
0.6817461864044673
13.614413663553934
0.2502534867330395
12.122735297817663
4.512770521432466
1.2860774077930643
0.9359038275175623
1.0180602595047485
0.27728613712548394
328.6217973437824
0.5887002429024482
0.1493278902910648
22.806820687882055
0.7787871606459059
0.6037115978232963
0.7843388936081953
1.523937505558916
6.190423319945893
1.6815376094026526
0.3545171799557303
9.432240101631619
2.1554012866542593
0.3590384031992448
0.6139487248536587
1.0371314531975722
0.6976586046892429
5.445911643134541
0.5517530651331154
0.7113890515707043
0.4365652222699659
4.266376806820018
1.4231282929711255
17.70796228549529
5.369345544444282
1.1575771193864766
1.042325773333309
0.44901464177074074
4.26286192620685
0.5850671667969831
0.8870858537014086
0.9572435437985535
0.16825838548935948
0.9831953291869798
0.9066875329731298
4.608288210726419
1.081082112724691
0.19327786182536377
2.55745883551747
2.496747620488482
9.353305669647915
6.089144013035862
1.3280399104036962
0.6728140554995855
0.9097299258299655
11.203051380099621
1.2764391280272
0.36603777765885775
0.6607117057609921
6.31662888259618
0.4532787944674504
471.338290849808
0.5575777478851625
0.7252580348406968
13.414837805563351
0.650913569863124
5.326167677140108
5.044280794470023
11.235923883899293
0.5872748657719276
0.3657520487912872
0.5353840756407943
1.0171491318771124
0.3321874784300113
1.9426330940348417
0.1963220330776567
0.052559533618610134
0.5559888911336169
0.5020106320571164
1.6741626762136343
0.12960075328538875
92.8034398735492
0.5239762259765413
0.9586728511945508
0.2875648934857149
0.30430506862175905
15.62851627872191
0.6333751949916009
58.26509947528359
0.541944736856305
0.9651959760727435
5.6787277004011125
1.1259029983403404
0.18024880057988898
0.6334242609603405
83.39148232070977
2.285274470626594
1.111630528544287
0.5546780711951369
0.636070140968022
0.7567722069293384
1.6509240180507192
18.293708466052493
318.31271944540333
0.5418860519105004
0.974228352243575
2.699793140393063
1.5023800040840276
0.8076023432504459
4.530976187317766
1.257908180113597
0.9857003707209518
3.062292905449536
0.6538482254651787
0.359854668605712
0.6997022752798172
1.0726399772148711
1.3912915676638509
0.5269709582501606
0.13684082275124687
0.5889769137611962
9.985984309675699
0.8978875994249801
11.977151868334316
2.165325564237194
12.493327626347345
1.0708696351642808
0.8332699173889017
1.3180278918079376
1.1224514855648604
1.623051992412626
0.10992018378373385
0.6889957293852877
0.20690455163943403
0.35353827112230374
0.5854413634291393
27.102230991864733
0.7299418145750513
66.57260955146424
0.48271747990840413
5.0080530803097485
3.669879726380883
3.6506340188668376
0.6356825082242155
0.5065637660578576
0.6084634925581026
0.8223414246886422
0.9265344041541935
3.4974533034607544
26.21270684659063
86.85142249033302
1.034937380175507
0.3500108786485274
9.266425106193847
0.8248691499041173
6.451944812988988
0.28894233038078615
1.892484115334508
0.8688977494061785
0.6718285687754506
0.4620945626977953
0.711895851320384
2.3091704273916194
1.2003980552193239
7.1734791053404505
8.167857281732514
0.4514808726887337
0.4558703306892569
2.9438942498541065
0.8778051996500303
0.45284170726020323
3.1951215054937423
1.2812074647539082
0.5693929797878626
0.93747812921844
114.5681344583786
4.794489808787746
1.3813479070093695
0.771330944248189
0.841293318797731
0.44244233956007994
0.6365179143258921
0.5087748218198316
0.40989715351916933
0.8093333979746608
0.7268313737394072
1.0192720755291507
0.18275862077959262
0.8142929269957007
0.7665349070585248
0.4253233725326124
0.3836888350966754
0.5455397979997185
1.2100232061808367
0.4065192416283699
142.66404316148493
0.5129183815780034
1.4498013172044104
0.5912183714596952
0.5588179163408645
1.0080858591042499
4.72234169939729
0.09236505093297354
3.4357678284661333
0.45358994981093304
0.6464364403854869
0.5052134211352722
0.550591006351024
0.18016489436824568
4.750663536244705
0.9387275974061224
3.768767905076861
4.6252322970589
0.5698777975802111
37.1107812922607
0.9070334968380953
0.9652063611201711
23.69530215020769
0.21862993103276857
0.8649577798503095
0.5132199518984313
0.167561567679526
0.8488553932324017
15.509585097137675
0.5931876381503866
0.31298018672857064
0.31640361061918953
8.461732924111226
2.1261287285175268
0.4516592017863092
1.4671028725657689
0.5110320014185676
1.061984361105951
0.1286900524020806
337.1882141742384
4.622595281845623
0.44549602454900644
1.6707866538417242
0.6229563643103512
16.33880235818985
0.2841215592775072
1.8633166016644234
0.4229399252063835
1.918008220494789
0.8459253365832377
0.3365695686143014
0.24059922655537752
4.174538957999511
0.7838831207986325
0.3706642033109706
0.7536842472780668
1.7386518502692374
62.531303409798845
5.091585835173874
0.8283536047170987
0.7082568640948125
17.210329741346282
0.0924030307360762
35.60516048681316
0.9693357167701302
0.5881859510156513
14.577298153355652
6.734825145764289
0.5194744856045376
5.587145336674462
0.5605516821291525
2.485455774400522
0.08016099912182471
1.7589536590261512
3.5440636835695707
0.7281964829551453
0.13052133434101157
0.48395439951325303
0.9487160869589834
0.680694238065108
0.7077685850992697
1.2401172899196327
0.49473737965391495
0.6377270343402969
33.97083286878682
28.767481055291196
0.5300530010880391
0.28303354480909254
0.24726945725099497
0.8453954753287906
6.041165739070311
10.026425813815596
0.6251065882169168
0.34142477431092316
0.7815352902704675
0.7710012961370104
0.6187258491163379
7.144456928883469
0.5347630621819754
1.4207107734157125
0.09680526275369254
0.8385392881198687
0.9144456445772345
1.2148640032086238
6.681917845809238
746.3009122356374
4.153391571606928
0.11352870841185389
1.0728867251741416
1.4717079878240096
0.6944336553009244
0.7706810827980695
0.6966633259583664
0.42470254453642103
6.459350444269653
0.2722383590619726
0.7259525463322131
0.45636667305674256
19.688523364110196
1.2599698002259274
1.934774362391334
1.8487868443514102
0.417781244345827
0.2090606796854514
17.94194453636237
1.2880884355549913
34.940325451866485
1.82298037151886
0.915468637061437
1.066846822955004
0.8654814043945818
0.9583269590496664
0.21182702173132176
0.9452109296389662
5.21488757458785
0.6811511208153986
0.7875226269185118
0.2759042329278924
0.9087033722896153
0.46987619201141506
0.6413954581093324
2.6731474422506554
1.611383467217135
0.4443018300922835
0.35353127287301817
0.5703202965326497
7.554539348254005
24.208380180241864
0.10249333335117063
0.37803803154268933
0.968582974343015
0.25540008232577965
0.9321881943979082
0.7786310307204907
1.0309339909956114
42.537867281691554
8.911839496292615
6.417189648368049
13.646192502574657
30.55021301003443
8.043736932390098
1.4172205282404984
0.09934819608212979
1.2786578997213338
0.2224057611026072
5.9373034491987555
3.2778152915036545
0.8268085837433529
0.6492023015186167
97.21971862935928
4.417961442257581
0.5236835140923235
0.8706384964435785
46.87809619370764
0.9469499961886956
2.0682716355830335
6.303205045026333
0.2754843987308578
9.83455001915369
0.06618698442075158
1.11314235233193
2.1791161954930915
0.6644671867344231
0.5289170242274885
5.388706734456363
10.674029674768354
0.739934051641478
6.129653932671271
24.561168286056954
0.7817398149871394
11.527126693721515
0.3096903100706241
0.36697682055038205
3.125287259057375
1.116823738905139
0.8018214353518408
0.5201603477149281
5.924148841703517
0.784183180483454
0.276510274235457
11.231206644393488
0.812402765615226
7.565167157496657
1.161044945949015
3.778258623179502
0.5534301351725882
19.51465915195078
0.3182030083655469
3.4900142683607878
0.16466801295271288
0.8189973885076557
14.958451291296607
0.45312651658543324
0.3907455851555054
0.42191250676773945
0.6444689273948735
1.0030977246545258
16.46218559472628
5.084943401758575
0.5347241748737033
0.8339610470733104
24.476556652963215
30.987727286539688
13.547553152268334
0.19978307907975054
0.9207030444560883
7.355180956123211
0.6989378629196804
22.220286724625975
7.915963815052995
0.25618104246879797
0.35645914805195933
2.558025041453389
1.3999587138249705
3.256016869382857
133.68978981753727
1.1943425175143683
1.519998662278317
5.274264104603789
7.188340650177692
1.4811487546400985
0.46794639431228996
1.1875623959577881
0.7456062693473728
0.4225240089136433
12.165896279145283
1.144263403191505
0.5702583454038614
0.77537115285914
0.834258170382858
1.009257274402969
0.626808284200684
2.6020040531988253
0.13197465249804327
0.4342389854049134
0.6737546546444811
9.840764383410411
2.670928237053638
0.7543592287481984
0.9531202372837112
0.2535163673492532
12.874617352543064
4.778061931039906
2.939459238747603
0.9576239779715766
0.45549126417852587
6.29948783434251
0.5447101864824847
0.23248478168636888
0.5708297588159041
0.2339728092852762
3.5465061514828196
0.8465704821654769
1.3322628078802654
0.32568999448370184
3.3139581823551896
0.9057504800703634
0.40322263548464315
0.7724568101422452
14.925939929408594
1.0552357574259297
1.8855633901704134
0.36191662672360686
0.2825353506876392
8.112058732100145
0.5021421595724164
4.612137859627792
0.28809095351432584
1.4416043100717975
0.24023752369144516
5.852183565768622
0.531769779807027
6.348737346111395
2.455703359317514
0.5246760168456115
1.172317037267875
0.3107418441956354
4.260039343686292
0.7893902135897315
0.5042914883775252
19.482707537812068
3.457746520890692
1.3689524576522822
1.324560279680517
2.2572034533663476
0.4418525139543406
2.312551448707203
0.1672168025577884
0.7498127801234861
0.12927142965455582
1.0918738328781967
0.7334133357044761
0.6806975490215595
4.568842286726009
0.3980439944972852
1.6315491201665775
0.5174791207432601
0.5116976865917438
2.1419401021418834
0.6367866887736964
1.1029811685243356
0.5931141677535309
0.4279275438028236
0.5533950124897918
110.21174019051416
0.5890406477630592
2.1313046335974204
0.8205997589494699
2.3760069623039692
1.8598524864078374
63.593518918837724
0.13735531239923596
0.8728157467637299
0.18943900503299274
21.156598084332398
1.2726419969858636
0.18247329349298025
0.6388942518473899
0.7853979176441905
0.6968816440898247
0.28418623395765163
0.5764013488001157
1.7723700921832937
0.537830015789098
1.1916658890475957
0.3263365102723413
0.95523431649107
4.044552092669167
1.934148303069092
0.6321765295297334
0.6116755468275165
1.106711558294929
0.4467542029614643
4.862965601583868
1.1973081146739386
1.0556387711079942
2.035548035877686
3.8315250794868825
1.1795327414779222
0.37057539100382186
2.991028575446597
0.11064028576684701
0.9555582370513194
1.313298159373365
0.5171564171139742
1.5078877897402057
0.17279798241806596
0.4690426236920298
0.41595277420385046
1.341277963753174
0.20627253444639101
0.09443912564995967
1.3010327787569433
0.56058799140901
0.42591667793367904
0.5584251323344348
0.2530514597927332
15.95633492549065
0.3410062943433441
0.4592614318794543
2.977573164979807
2.096830515434474
0.5492380895780781
0.6999052626063498
11.515777441305161
1.3013128460503502
1.2412457602534697
3.4673967492769515
0.7486915011710098
198.3402199093905
1.1962915559078693
0.592314399283619
0.8927050675237246
69.62281179003318
0.09768667251662418
1.481893496777847
0.11703551825833107
4.504222524335257
1.6825840565115266
0.8311227925168043
1.8969684056499059
0.34988663921365815
5.479711924902429
0.46530246083693133
1.165910637247434
0.30921672622184854
0.8145364800580647
14.854324505806849
0.3021872097336115
0.17778791106556097
18.009201791207015
0.2323607458131398
0.7906817800982179
1.0547347981760085
0.368407154077377
0.17399737114978597
0.861099598137212
6.508406699506698
16.746313470914913
0.1451949396005763
1.4438707151543881
0.8107328981533176
4.87158838181067
0.46300425221511354
13.087329708544205
6.5297433508426765
0.3024902127353687
5.916724199307546
0.8109704710692555
1.0286743698599714
5.5377175293136425
0.0842248686939016
100.79118970594773
3.2513771414063157
1.1328968826857473
0.2613599673676641
0.2521794282520438
5.270363958492181
0.9382802988644748
0.6798201297865
0.9520961085356295
1.2088246613688074
1.5024914695044713
1.0576623681600446
1.749978476759028
1.9570358067436318
4.9378809201483165
1.9125535293816271
4.477504166445329
0.2013980832645305
0.6893584963688383
0.37815220063659627
1.745468390375756
1.2490850933785451
6.758283039145565
0.15764231862705808
3.7836026969286256
0.7665767276273163
31.134630225107774
0.9461441412640197
0.8743732378811935
0.7160095867440109
0.6555331962123625
0.6266526967372353
1.079065781164103
0.2725313321763624
14.881166998466
1.7542881293839434
0.5047308501217512
4.943370979103313
31.605269700161845
0.41695914653532096
0.6368504154085921
572.7150780209078
0.4084524470390336
0.6283404548775112
1.2011244695056729
0.43287298801701013
7.165963204746832
5.651608132166892
0.45121661863549256
98.26644141010203
0.28030055564219086
7.01971650145917
0.25954661581155153
0.5033319771491682
0.9599026012533307
1.7042070040672321
0.45116498374917324
5.176526129597019
0.8530823538173911
7.561843800867378
1.4441707689756573
0.23864778396878059
7.937390615313037
45.98596658017748
0.7068737055249543
0.6574768924900951
2.2423373044320107
0.24539402842003094
0.6351857073410634
1.3010211353530898
0.8829009894056923
0.20476672014761835
14.867547651834437
5.527649515396394
0.22108171806150223
2.764888968961039
0.4503470302841926
0.03711250711390465
0.6666299891029455
3.5183910759536983
4.087701476952627
2.7552301095771297
0.5711276460434772
30.448068226144912
1.0618983095007903
0.44509644898088163
2.0495793229539996
0.6881326776684924
0.934228237194391
2.5122994396041753
0.2002737896844418
0.8812263757195625
0.49434555827785465
13.676078395393159
1.441148079949062
0.4545109572581444
1.855352427518846
5.8687299878319505
0.7848802641551805
10.305698697667642
5.844513817306488
0.812902375121039
0.1790496327036022
0.18851208958444216
1.0982367066326573
0.13690007524151895
0.3887746441477354
1.0243922123538016
0.43985850252507674
0.7048690909282452
3.2748093841533716
3.5577436493312398
3.003881896832105
6.565893583989941
0.3228266798040107
0.33310353073770144
0.4459521317892623
40.55460937011799
0.7105804738294159
0.18129523264513328
1.4487259039218239
11.310421143001411
1.2174125382554217
0.43391403852927507
0.8812072462418788
12.716814308871944
72.42604205325796
0.5543768995211985
0.29810991454896973
0.13456613382889607
0.40677403762586245
2.031828122358946
0.9231665902700865
0.4398550612797752
0.8244542596593698
20.697571530550597
0.555142025223609
1.5394813699539793
1.2686707450232555
0.48437145372600504
1.381790276653092
10.047766991171917
0.5998713171982598
1.4572797315323287
2.1216041429308774
10.660127360660391
0.4660784129240696
1.0682724435724287
1.98411048675699
1.4964890166910596
0.39675523475682195
0.8366266754268766
0.18136991541663228
0.3946356195660935
4.311634375896568
0.3878760295407852
0.27522323931042153
2.183355933775974
0.9585809998241304
9.093202208277859
0.8105384101127429
0.17246727419332383
2.3371265483857226
1.2905121516705593
2.805876645993972
1.440247472001183
1.1305608091768773
1.1660699320308359
0.8078438352899078
0.865410469107911
0.33192216216680964
1.8700965973868438
0.39622560611631824
1.1205453945403647
0.28674639891394094
0.5129201891534826
1.1244305337622753
0.6604332002321316
9.032731283865315
0.5275310029448085
0.9838670059940628
0.7049285943481168
1.5023138802033558
0.18376058115115035
0.23716683701981092
8.136961143830039
0.46659557490147624
0.6907432132991422
2.7586555421445946
2.046135597109562
0.6490810572448821
7.019313583719483
14.722472620849759
0.8261765944052144
0.7716333303509092
1.0373241475646646
0.616143701496908
2.1640840511507307
0.8715559884287853
0.6649731378130946
1.329372458956125
10.869607528005357
0.7375305744066588
30.931659074893755
0.28549210110975937
6.207646613727935
1.3239902324817785
0.737405981789467
1.1568017969158146
79.68811206775554
0.5298049677400462
19.488730516421917
54.548709246375545
0.6564351287145892
0.5125902161319947
0.887487677983227
16.568591477067066
461.2423136114918
0.6962292994697784
0.1381205935901456
0.918938113932008
0.911587621208373
4.074772001883005
0.9930101980576127
0.6736413563217831
0.5607040352867674
1.2940684336241672
14.183825535652053
11.986798174879937
0.48469076234371195
21.99682110561992
0.5124371599434489
0.9936595418050711
1.859697273577418
15.008111002662547
12.148651167824415
0.9639279594312686
14.313076571180693
12.465324220794077
0.9379148875155138
0.9825124889051698
0.6799802539874861
0.3290045275012642
1.230395314159428
1.7615945413109233
4.092431490880394
1.4304767339258992
0.7023035113195921
16.58962183491913
1.0637798883095027
0.7135784727911108
8.414543776210731
1.4878310104506567
1.2705440725021553
2.032124986877661
4.006171818358634
0.7592176010671449
0.29808098984562637
5.501642726601929
0.727874342966192
0.612801776189501
0.49534804240018926
0.6375923742463011
0.8656044986631052
0.4734330529292309
0.9222352701721594
0.24960016710292265
0.4297392349060431
0.27681619962749154
0.15636995541684615
2.0864843622698594
0.9658158498468106
0.10994212270591928
0.5226905996799616
0.8417934976476396
0.5147139512220122
0.746727608612311
3.038860793011292
48.42441619067199
0.8995927452581631
1.4470282281876399
0.548513130558387
0.9002230259023808
2.0483364502674006
0.25703729014670934
0.6490802783220861
4.679943913770194
1.4162760999634654
0.7642060728869529
1.2583200003664226
0.12156094626454743
0.9472442405109777
3.628764735095117
3.6526251704217474
14.603007254718998
1.291789230166886
0.8006893657780587
0.7578984542962619
32.23855353868712
0.858069808346049
0.472014122561071
1.8393473460941903
0.12107334213040633
31.040771148370432
0.3473678799623226
18.278248487890515
5.092288003695518
0.7220319925840831
0.3052520153543371
2.269465015338815
0.7446589490207092
0.9656500865151837
0.7422396605471581
89.73640102741194
1.338210504284485
0.2828057724957395
23.733921588428295
0.635794105233464
0.7617633275417282
10.295616012279707
6.1909739847818015
0.9075969905640384
1.0219920238459337
1.0639199186131771
0.3415322003963766
0.8725110912592373
42.707900605842454
2.6379194683875364
1.3942670148162017
0.27448473391195355
3.7815359944855502
0.3554039654163658
2.879261249708927
2.9075315893113522
0.5314151938186119
1.6323148291383933
1.3493077111289231
1.3593729923567064
0.5764396794153607
8.11830188713779
0.23077315102637294
1.1674522361871695
0.984459280892909
2.794685080150289
0.3651545483082071
0.19922240502295688
1.4406992731393247
4.702181097993996
1.1568970007710726
1.0093486761822503
0.22091826664339023
0.8195564795149151
3.033110098476592
0.9182708235952597
1.252953371816092
0.5485371761317781
0.7029021534227582
6.084282941759588
1.0695305705818072
0.6859522386734531
0.4030207382598655
1.2762404584220766
1.1359778030317251
1.8185477216498849
10.273434972766527
0.2690931720053831
269.04605529823993
7.171582086637541
2.2317408994946386
1.0252282999537015
5.398707561886642
2.9808174969562775
0.32853775928834683
4.396241400155604
0.6341351677024748
6.464009118103313
0.9177436379622615
8.858638925879907
2.028357549500218
0.267250305607979
1.6712010261659793
2.6608000466015778
0.07011671138389011
0.3598389365298029
1.9789669917982187
0.45193955063778307
0.24550094743831202
1.3648666668880507
3.207848868696936
0.7100689025562618
0.7075935489049239
0.2867056876232853
0.9257842076578604
0.34165327111959354
1.7551302606352435
0.36774957626738375
13.651940085339444
2.3913897119064034
8.922787537358413
0.6907074227157382
1.2929942710484637
0.6328436885813207
0.6791394046346426
1.3930820348648816
41.30193859539485
2.080062728955262
0.708721227990552
0.5116240948480735
0.8304277585932132
3.7260536531030506
1.980878124068751
0.7840245183905123
0.2381058309195596
10.293731534931766
4.599244476296896
0.5233739799959877
5.661252346999767
1.4839326769294983
4.4917516308367205
0.5127224623509724
0.3978334249186256
0.7940710768176048
1.1428823230925858
2.202164789663897
1.5012299391834083
0.7167977854684029
0.6935901153485793
0.8019566517241485
0.5743317204014758
0.3427484330170799
1.572817301528446
1.659704833556474
0.9455071124206211
0.7938686697735818
2.272901891750735
3.7774983162246656
0.2007017046302057
0.9186041782281131
0.7206628753838573
0.5289760541197513
1.8109235591871808
0.7656689627133073
0.7425318333881862
2.411881575184636
1.089987955626398
0.13378919620006957
0.9453325242958734
3.515259770743875
8.151010568320034
1.1651643404698555
0.2692722523178266
1.6890610058762465
14.743322125829637
7.625924319950832
0.7587314648279799
0.6130037033427685
2.8366573852064785
1.7859033676484943
0.7522312517847705
6.542124949118526
1.9151671827835213
2.867450717374133
5.020731283303547
0.09255714282335434
13.357224934013207
0.7584060795668222
0.9976832563517141
0.1286943951566632
0.2741246386605651
0.892763701685394
3.664183339507652
1.1168597288608781
2.1909528850873587
1.5976184357113947
1.2389794542393082
2.709661692050973
41.890364852762346
0.3045498601422115
0.5924709758370095
2.18972769691867
28.065210077352265
4.2649400644340165
0.13446146899345335
0.9116929266631663
0.9847021746914721
2.150351939588876
0.3510994663262403
0.6645055098194754
1.527440220450168
0.7844270212199632
0.6017771059779338
0.9491560724418173
0.7831616915445256
0.9878812679313161
1.0493545202239043
28.779716788168987
1.1429364333452936
0.51110411878373
0.15077202194637443
0.6889094178446998
0.9746910363394505
6.297199457093263
1.0089598746632988
3.3815442284237607
4.2894409686339445
5.978060674910759
12.417165581067103
1.2303635685881091
4.012380987551458
1.3845962669671241
0.2883530346278094
43.4881667013418
0.6947135879343342
61.38739883402786
1.050019130642615
1.3041624855767513
10.020282502103665
0.203551243577534
3.2955344953330696
1.1050670557033875
18.039743456718124
1.1766658052982835
2.1981164175843664
4.983805741205941
0.9721298949360312
1.9490155072714752
1.0798500271345854
35.369673131264676
1.206937518244696
3.3191777676392245
1.2227191912934652
1.1966809365366704
0.7847085032233384
0.7590076329948614
0.5814779448659476
10.165408921931178
1.5902834302992859
0.20225461642802728
0.46724529413818855
12.74886934996826
2.2069558039284827
0.5193620420632276
0.9087854804591387
38.31361272305095
3.832284606963908
0.7457324825442792
1.7663621469061361
3.3791399207548354
0.542888952467764
1.548201280851689
0.516866613124697
2.296527078999758
0.45975427593444723
18.056917281859857
4.310593163583202
1.0882438661697487
23.254204316535724
0.7691410580904304
0.3171001889397725
38.54231576893426
4.006070486824207
0.8732818847752923
3.018306510677886
0.6434964596446124
0.8025709995799659
0.3262564058182185
8.128674501548964
13.892158160100278
0.7312971981934258
5.513586718369988
0.47729613030949136
0.6911564916681144
3.9322657105163525
62.489016681216214
0.7380941334838295
1.5976685788990332
1.139968748145841
0.43580909657038497
0.30844731884761256
0.5756404207244272
0.3335539959751673
1.0964581057400862
0.4758676358239104
0.462447164713726
0.6324979202855354
1.0216909024389174
0.5129957452301963
0.4711890775316061
1.4109979358377758
0.7523233136339822
0.46347437094773625
0.37561925243922656
2.210322345522343
0.47912709942144394
0.48243654264009367
6.541574378234301
0.2666412612679008
0.17898052733304037
19.314532976179365
0.4481374011725238
0.568932311860131
0.3146184347508992
63.5453055171586
2.5270024434765337
0.5788098250261844
0.6279156083347447
0.7153519619007289
1.2077228989022144
0.9866997808130519
2.0248563096853682
7.414805733298953
6.1926336457545075
6.748910508780421
2.880002999436145
1.1632482449505608
0.6815375917940508
0.858589739367854
0.6886204321137132
0.4356063652029502
3.4953812900314816
1.2686556362895018
1.1006997778490955
1.2818766220662003
0.12099741482999188
0.8599485869896122
0.8040978451130625
10.529983385432516
0.40755059435324015
8.720158621152448
1.6099757034158373
1.5641318710567798
9.324427311313432
1.7590954152662703
0.18882496511256716
0.5599863029621495
15.303234547293348
0.5636400706303574
0.6145310358190665
0.5973193044351475
0.13193723445523292
29.449470060254555
46.758014375807115
7.677799355801093
0.33614483930127464
0.8941857328092101
0.40957494753172013
0.5604450322050657
6.697815986998821
0.44480788595883664
0.4818074565976785
0.7457729492533834
0.9023010580329057
0.461942848083364
1.2849884294962655
4.7891823689905415
2.6216305956148123
6.7008369964432415
0.8485752140654363
0.5068481975653275
0.33451169169612116
1.3566150261156324
0.821809220487906
6.533782989728859
0.686652640414519
0.47164509795225334
0.7597923624949857
0.6468318091540797
81.80112903376
0.5411769959331235
0.6940189786135023
0.6043562467930602
0.455060041583125
0.9995117742868148
4.944232514108998
1.5129132798362184
0.9949829112553757
19.99103837194911
6.342901484665197
0.8823584644946854
2.421227163305617
0.06496947283709689
23.208857416612528
2.5918625641796584
1.5501900770483836
5.360121032475049
1.1703452405440824
2.2630684546265716
1.5359168135372963
0.6802711357379978
0.8831274359080621
2.140790023978563
0.37368490301632795
0.33754929430755726
0.9364258271014162
1.0484788711031012
0.43315266136082736
24.82714583146978
1.9156789124399216
0.9185422074177104
0.49383249778071553
2.310420806055986
1.1531774702465973
5.465209835715598
0.9421790645825578
0.9089260734965022
