0.45820828864725727
1.284881217964388
0.6941396739230394
0.28680367533947415
0.6351078183524574
0.5284060143598164
0.717778881845051
0.17779235044199815
1.9950032101339827
0.9954329844452365
3.527771683257799
0.8933136934774829
12.434358334675602
3.2080916312432906
1.5717755057546479
0.2706914953805863
0.607084597521073
1.4948384702152195
16.331493487803883
0.9949425023031473
0.5905839091332259
3.403049718830923
0.6702818684341822
0.6752632204528917
0.6167231620882547
1.1280847971555918
1.1715972168798705
4.3851359337224824
1.9444661170414166
1.0078947676107348
1.5007254618220165
0.7955119286686015
1.0882992579610788
1.104373766382583
0.8595111448486752
1.7514227912144529
1.1878459901845944
0.22371281448352492
0.4490390296795626
0.9743795497367628
1.01155919149953
0.662028781545728
0.5200645476097119
0.795141109159074
0.7053110036875411
28.420828220761603
7.990289764398177
0.8544822680423689
0.9506419321227408
0.8455504861656676
1.6755448527844323
1.3157161441587857
16.742317688073115
0.6095839052513052
1.6796610222792205
0.8031064199212543
1.5529154113117916
2.1843418588441477
0.5559042750198192
0.5986483012794586
1.1461889882260845
0.6303595635755777
1.7970629042772372
0.7158405483742123
0.6319167138528786
0.4835516332075054
0.1632374431376458
0.5237124295734265
0.9205936121453686
0.18463134815821203
1.7558909175160362
1.2046896209722964
0.7493401988742139
0.7016377650806654
0.5094916727752659
0.9108993280073511
0.3813149375076673
1.19568768381572
1.0195516654298191
0.7642436837938933
0.9155815329982752
0.5663892645611434
1.1044568670932948
1.4526465475139523
0.44886796142959634
0.4297969131894973
6.958006475960009
29.087073502921147
13.406342262159242
0.536302474010152
1.0372910673095463
31.374782629333236
111.89934036228827
0.984812366088402
0.1396053559308187
48.10896143767208
1.506983582385664
0.48217612561851403
0.8050359166655086
13.13702448099258
0.5301821279485056
0.42660094077967503
0.910967743246985
2.1087815868690796
0.5036001569043653
2.5455765067038527
1.356887629406575
1.86800220941686
0.6239235293194025
64.73084185362329
4.056327082664381
0.14382248250607005
0.7446122970561451
0.7795843680279895
0.5248081699112693
763.298476642586
27.330163264567894
0.8884065773147981
0.17534093339319642
0.8574029642523762
4.154943752766874
6.204172330478323
1.7107163722036662
0.8114196233864523
1.2656989971689787
5.407028441902166
0.7238393213240154
1.2827552911439342
0.6472640382622381
40.37744704766739
1.0921692385579755
1.1195600248362017
0.42540019862925804
21.591405038713816
0.9480296490569493
0.653899146990977
0.5884072427648473
0.45083493831106175
25.210377248208832
1.403845818004957
0.8192239504943005
0.9908524372717857
11.875070550562674
3.5747004331555976
0.9790337355338837
0.3396590032588908
0.8334514956254674
0.8174876052948291
0.5360571323352785
0.6842842008760707
3.8083960273864625
0.6178041479864721
0.48591505079909525
10.266035753110339
1.2290264880786566
11.480845124570767
0.09259969814028879
0.09374920642955292
0.43041585589360315
1.1140910684465866
0.41814050137903147
0.7110538266284896
20.055767540442606
0.3312831848876707
0.8086390229202468
0.799878284745951
0.8464903609809821
0.3747468669476363
1.5687880412301016
3.951433035844402
50.30387736480228
0.4820586611865429
1.1348447288782941
0.789364714520666
1.6010934540271282
0.4484091577559299
0.921381343841477
1.589612584816458
1.2440849325152645
1.6115789263051645
0.7246361155135824
4.265664423083176
0.24025034342011745
2.3585939203103545
1.359545265612763
1.1898008485548806
2.766727341222073
0.6691865492438567
0.8560405402789393
8.06668116880848
1.1365360286061468
1.3096367756905598
0.37706375571986606
0.8383329705730604
1.7387500227129338
0.24987415526322188
4.223035431007614
2.7302965151476895
43.31035621462518
1.0832288504815584
0.5835347227799546
1.3170903344951777
1.983608260012287
1.5009942589943996
0.7173509115262089
0.07977199299342508
9.425727316538794
0.8988879702547631
1.2196648245175208
0.8546682861857225
1.325727105168133
4.545729145842694
8.029718078701858
2.170747262920742
0.7504199627216398
364.43902712209433
0.4680804486166117
0.2624789293375059
1.2982003608567478
0.8012406250598054
1.0784281708988388
1.7347508482422134
0.4429985826479776
56.87772919914455
0.2985660212381936
1.0363736835017812
1.412902970758378
1.3280030597988906
0.1708439624559718
0.9796699609914744
0.22883220039573202
7.260044422510426
1.331852976193223
0.5910353464902516
0.9883168211706121
0.916965389990214
0.702545002658083
0.45253093714304465
0.09865097070053114
5.863954991799465
2.121347688387718
1.6522467505354863
0.3548388531670192
1.2224468234409018
5.578804763555452
0.5489809295293859
0.267226610010817
1.8318849517682219
1.368904684513636
0.7930978555289242
2.9849715278053774
11.790361645580154
1.879582298628613
0.2295313039601539
5.197422254570407
5.295603868252538
0.7935461830052049
1.0263877399129389
0.6693554286258926
24.975142585750806
0.21197072641413844
0.4267378095361928
2.4016719220971807
0.568785289004721
18.339946499959183
0.6412172072147363
0.11533505024719173
1.083303971335474
0.8353907707859194
0.7969740975250559
0.1512026408581558
0.3381766127736794
0.43709084023677514
2.3037272669850895
0.5956630462947463
0.756403915859853
37.35272445444166
0.7799222045215197
0.19947028417093535
1.0622911414474592
1.7271173375167181
0.5969110585299896
0.9284618096707806
0.13982929819393128
0.5415666020251552
0.6364771611998181
1.112915286979646
1.883902961365346
0.9092219232874711
1.2065753654669102
5.730279746843412
0.22351131187257472
0.47292961953396323
1.7976433641202043
0.5855228996013638
0.6916791493191086
0.7290174346912472
1.0674545527543602
2.560856118471913
0.5799489417376941
0.4170943195301844
0.16180426839395093
0.4739401103401491
0.2294970590629116
0.3227354282706248
21.174292695560666
0.8198886486837895
0.5311323757846622
0.3751250253433921
0.5007965927261467
0.24807641123410462
0.6829800542159282
0.4721146952879664
15.524195443566294
0.5753107257510678
1.3768428879820873
0.611951346927324
0.5932300342449318
8.622127245024632
2.83836437207348
0.7575994569646775
1.9513656000695716
5.365947661850924
1.3002938975088276
1.2388301099866603
16.588290071460506
0.3092486853538156
0.49444497828025885
7.635908565740151
1.7697587918078264
0.18267049331011145
0.34321737590500345
5.843415454937527
0.2584338023938748
0.9347113133936302
0.3816133271387868
2.34099750448196
0.793298942216108
3.7124731751691855
0.9232938917207266
0.5397487125272153
1.1887416279246361
1.3247057407056135
0.5034350916345207
1.165104413419243
0.35749571793260215
1.5678523667981787
64.01181674721025
21.084914771201664
0.9467578278803997
13.47726623182644
10.471514335544121
0.2482757041954481
0.3161044834959474
316.0779376285879
0.5422002681047264
66.4295481912386
0.8156407287775961
0.39924345282715734
0.48562373496440653
0.05005991936160773
0.9415090514247669
0.31995715660515284
0.49903923769342223
1.7212546204389645
0.5496879363099043
34.190657584950806
0.09746295772304295
0.7734804708483805
1.0839928324762182
3.9565419575912775
1.5968576240927215
0.6112103231144592
0.6375467943657809
1.83152052388016
0.5559430782336878
0.7653953625006235
0.8633156393906024
1.272436133948719
0.6242028504474747
3.8394895575886743
0.3533604271898328
1.3129304970380355
0.4680165995538925
3.297345767472189
0.29496973183939057
1.9504251306655713
0.4231422018953666
6.7938397104882124
19.116857758933982
0.6628657897426693
1.6338367186586666
0.2522817087819824
1.1604790090080843
0.7332243618539162
0.3762014775880393
0.8261411027168551
1.4196471184202013
0.8812658178127705
4.256029452628733
0.8583472609722657
0.5891938080855043
0.31175676566275684
4.82296461402255
0.5844178114082418
5.647841957917878
0.03335351778319269
0.733904790671209
0.6098378365959819
0.6938629630867265
1.6114887312582786
1.3760895248435914
0.40095515866294984
0.5160602023273412
0.5174801103262058
1.5108431866758703
0.8925967605670109
7.460022065453169
1.4207932845853046
0.7018995601003458
1.1459200171775714
3.414240417834174
35.07777167564821
0.1606980793337722
0.2172943295122694
1.0817090501501136
20.749866998449747
0.6549265426945111
5.4594848923031565
18.514370179199698
0.9190955082987962
9.571564006860074
0.8815608580753317
5.6417079752014265
1.5893212612479704
3.9275955144062564
0.3034887832173769
0.5258559288429999
0.02113046293804082
0.24008017044145394
0.6981848864566632
0.8195043896566239
5.679215906080102
0.9183129698711241
2.2045242020591
0.48598460540847366
2.988992088503779
0.3461715686995372
1.2087886996329478
0.5050517687723963
1.5220631536922617
8.123737822294169
19.348605280599845
10.973725342952786
13.0133583043287
0.19289677607992947
0.6597165617525821
3.8204588786443243
1.0032214458353115
1.0156912081283842
0.27822382131124435
0.9116498290607165
0.85611614946033
0.39430134310389114
7.6892673310857305
1.183535844297123
0.763316367998707
0.562947587474212
7.9155955621752465
1.0078651337948963
1.141396371837951
0.4361662443053959
1.7731892378737333
3.508484179241454
12.007533362090662
0.23563841016040254
2.9714656580072547
0.9215326675645252
1.0023009523916397
0.5128870618352617
1.5363356063126514
5.301828606787278
0.3713440663862024
17.592537999435503
1.601295258857318
1.0870948339890312
0.4420572462795284
0.9752042672704517
7.741157796339072
1.6583663704661185
18.385946884603126
0.16341287961984097
1.4948998934074285
2.3288118934865056
0.8616485622289138
0.6854013659251306
0.3859603495617044
0.585076993648987
0.5755562874856343
1.5712763108310974
4.291797221811029
3.545931426014396
6.453915840422157
3.5140308572715697
0.5618201608915541
51.307238045657485
1.8292494329225102
211.17211236518355
1.0338978801792402
11.533226823840817
0.10592224791260275
3.526657337251939
0.6817526674598203
0.4850802200622255
3.4471834536191786
0.9433021909536011
1.1809367297827142
0.6866875758549524
0.8639416348584611
6.829232554364866
2.6405308479417013
0.5514818190933027
63.79083612867341
0.4349288519458006
2.045381250044526
25.105977584111592
0.8722106191052635
0.408643719896231
1.9630366302506441
1.6390440180906896
1.6356799836102034
0.4657342636243929
2.8462053826065588
1.751607443208913
0.5581648109905463
1.54922023128042
4.525336130404133
0.8894052485143744
71.47069624364552
0.8186238562608968
2.191701570461641
0.19315421914178346
0.9896521828198628
25.09319430852654
0.15518885015464703
63.55399393376698
0.7450843894083408
0.481983155651014
0.5876469156753331
1.7383519653189
3.961216232157711
0.26235174249741966
0.3485238608701817
1.7457447009110987
0.9405594227403095
0.3386666569247831
0.8150648168186113
0.8845136484171077
1.036455588656028
1.022797456614464
2.0256833036807156
0.08919859950467575
0.14421840563250807
0.25137180678281207
0.7748238698393901
2.6381878585175786
1.228640564641799
2.2481487189914326
1.3150856127555957
3.4934852632206668
2.803631749655346
1.9812904035685692
0.33555261169072254
0.39205314450838197
0.49323480307144896
4.761773967843617
1.7237464295856064
36.90710934527245
3.881794994944318
0.9179920478178866
0.43911038960527576
0.2784135013590543
0.1695912055528486
1.1435821785555067
0.9057160524267993
0.21362137445651633
1.3536579143090433
20.83494485117552
1.5469112178823112
13.269622597588919
163.8607304399617
1.0038641952223968
1.5698429601587562
1.7722905144056136
0.41520398073311393
0.22979107460758108
0.498566283422148
0.697708339463201
0.6021502514118878
0.5546740635993297
0.5503673551454126
10.632932929499038
0.8778613301896373
4.335320309123096
0.2778420957647791
0.5481182621166998
0.7146278237748743
1.6679250977169715
24.433237287868135
0.41045882842551423
0.781180317764802
0.897104674258992
6.97348855202431
1.8485950829511697
0.7085631992681547
17.465781486161973
0.26705814102854725
1.4428939173545212
6.3601168552977905
1.4310578699840468
1960.5807807371941
4.964434547452371
0.4905005003486536
0.5291631175184677
0.3933519509977596
1.2845335464336451
0.65676612318835
0.6334545196485798
0.4551120965969941
0.9473524659288796
0.4555462557223999
0.48065355363251644
8.261770968103939
0.5477778599035044
0.7908617250816724
0.31870769671264815
0.66481309569399
1.485520321180523
1.9381990253640742
5.780588091812465
0.3999188235197696
0.3742901089506741
1.0795704309090133
0.57369900007637
4.219749634855205
0.9707825575485122
0.35163314054836187
1.245468163198181
3.6521546018040154
0.8327757863541456
0.5170530295345612
0.6472714675279008
0.578171236818766
0.48096662699750764
1.3414593509751171
0.5323743316333487
1.2805529711737917
0.6463574568426275
0.286594787261395
2.764673621206911
0.46941410138077977
1.3772898473227722
0.35670703502000994
0.6226715807740749
0.31512380402563295
0.48844023699640565
0.7862189027370399
0.27547023790350383
1.2985127339471418
0.1255333598172882
0.3132380890453002
1.0987286871826105
10.009178412762122
39.600101795891206
0.5587348040939012
0.6282211183908457
11.041856042472379
1.39826751528387
10.088388798822367
1.5465155651890443
1.0417370482060622
5.682844183551362
0.6434697205392588
0.7466876225027026
0.7818797538559288
1.4931765620161763
0.480501079204755
1.6602811124048669
0.8594403678659149
5.904093451629776
1.171979000075042
0.5955380975539475
2.219630074635776
1.5280224057539964
0.4147688922894354
0.3683315497332237
4.73885628656832
15.558910815155686
0.6263510597612632
0.8445699548340907
4.50389270590981
0.37340140754952383
0.3577638955976914
0.059202260279274235
0.4061619260753214
0.9505283503052767
0.5315312497492037
1.7670549504670188
0.6229119881648997
0.5245476493974794
0.4858356814173643
0.6568181324924931
7.677409560403855
5.482209054533755
0.3050366324464623
1.3971711279448047
0.9711389678260072
0.5942255212601588
9.043128905541126
0.26939280867602206
0.8023163921265017
0.672648236859477
5.625790559215732
1.0880146442242524
1.0677165778386777
5.208232279468508
23.381793458670398
3.3682633084146145
0.7524582134038408
87.36755776914531
0.5220888468187002
0.9785940350500035
0.7266685399028413
2.795205514512863
27.95579081080815
8.093128876301867
5.622388281101105
0.8121861411891913
3.3684881281457555
1.1001138342458296
6.621523611084444
0.6139374348225255
1.0921769849985377
6.808960310305814
0.5685108736127505
0.49041894478358505
0.5050796154948712
0.10761153657129739
1.1196481618531124
1.0549313437199304
1.795470790894834
1.2760843554277508
53.13791447249094
1.9192843948815828
0.4758299408939881
1.4698019235862658
1.689479267810225
1.6965873967577065
0.6051554557677354
0.49725130613187046
0.5126027579884296
0.45903753725856394
0.894231837831186
13.606075869898778
0.8410657157389292
1.0961587044702465
0.563979582512525
0.5252188169015304
10.559475590919456
1.207696697500081
1.6244613536250998
0.39357914872431
2.64140910622537
0.2924693110449802
0.5614038630219569
16.561152894482365
2.3562127380789275
1.536387966871747
1.113126045275365
0.39417761631728676
0.20486819085017266
0.45533291855365754
0.8051901423369109
0.2255212891933162
0.4312602066853294
1.3216531432109015
0.24326932228888098
1.0225771060302051
1.069341634844634
1.4143093857458513
0.4548564533915686
0.9121569171730979
0.09655531075332685
1.5041154799487606
0.5434047386492272
1.1657897974221938
0.5441246244171303
1.0978285143919633
1.2896195746927832
0.9577996559346874
0.40816243604692026
0.7107263703632019
3.5712332520286627
0.12371822397730604
1.4656911131143828
0.9923231783286403
0.8976975698974168
0.21864377089949183
0.6097091246249354
1.1579072227287157
1.0571024278891716
0.5765469974484577
153.28883983729526
26.633833397486086
0.960899747477024
0.3612678743299194
1.674864397691157
0.7897302972262923
0.25361708465863797
3.6748403540520393
0.8901751036438877
3.059592760137962
1.724425863985118
0.24054103865133242
0.3255408512731321
0.7597557691684722
0.6010678267872535
1.5314849789266585
0.23352573816092195
4.071472064043469
2.926200875732877
7.805951601893553
0.5587582188148451
0.338434523154629
1.9137547866656557
0.9436168771040881
0.40982066107463455
0.5561206790161854
0.8234830122012378
0.8798484531511439
1.6577542976629212
0.5719463586088459
0.5055672651684677
2.1017637970763574
2.259460788848261
0.7548368880621764
1.269331964455456
0.5101378077881166
4.014475461528667
0.6366052792517141
1.5663343229325604
2.7668759993494203
22.502982707866433
1080.7516694333033
1.4343850494744894
0.4135555045255267
0.385656357608728
0.6174141433985331
1.3168687982482592
0.4837439728543764
2.8503671652181213
0.6577264006718554
0.6891647855714752
0.35775968262028407
1.3044200701037407
0.6953458205077827
0.1109351428074737
0.5752757888614521
1.4308569960726327
24.183923581695453
3.9869798336108735
3.8155251326422137
3.209437276861085
4.934433949665001
2.990271780540445
0.7758518980038298
1.180757851358643
0.4190341008103492
3.1803042924558436
16.769209324187177
2.3226028115100426
0.3829126441782493
3.0867804044114933
31.300496425460423
0.35029971571946644
1.00264301768479
1.3599287113266816
0.07317951582202134
8.075605282074894
0.5294111157947357
4.931422146285643
1.9309730888757406
0.5325917287960763
0.7501127317332366
0.5617914181341951
0.8486710338584569
0.6183140612253367
0.9568581642443289
0.8659297318417988
8.314587083307316
0.7873881688648793
1.9736690531319294
0.5272156734265323
0.8331499114329612
1.252056599680851
0.975255006224452
0.5382526956120979
68.5390384006194
0.5086316379548029
11.170213837038276
12.573662269112901
0.1375039957317464
0.06635693827497316
5.545454915111038
0.32322035623413586
1.196649376569358
0.6145169462951814
0.554215503274808
0.7284845105655016
0.4022210128444903
1.0409454949724408
0.7931045433222199
0.15092048009294862
0.057589854306322845
1.0221316639488254
2.2705986472105697
114.17386559376868
5.875783513712945
2.8641277136142262
4.5091890276687785
0.7071073549563609
0.6315898272316276
2.683720072066217
7.174414232747748
0.7165129556209038
13.43406747994474
0.06040005503119375
4.577720224445914
5.362580950148835
0.636328912980805
0.7986648927586965
0.5982853377334472
3.0841637292516024
0.13333454796223956
2.2431966380182824
0.3009419811678219
0.8133458131908188
0.6267319222667836
1.0949067169862312
1.9746529814484657
1.4535156362913393
0.4207750207409436
2.076273083878527
1.2659181081034963
9.391839179777078
1.2823645036691107
0.09202537293637876
1.025790012038195
0.31194124604983436
4.475055591124369
280.44502212779054
0.45547345813441786
7.346779418776915
0.4007868348442707
0.902945404747405
0.5626705578233218
3.0941894855409497
1.1447943604323993
0.6997892830051524
16.454455889027326
2.3354629030474143
14.188140036901748
0.7428189603877472
0.8122934902169595
0.909366857424308
1.884097152870712
0.39968735079131384
1.214006618066202
0.2726902764109402
3.8572314370395913
0.5508993303433607
0.7589099692238019
0.9407580553937608
1.3776203689015416
1.0830808112036752
0.32900423162190623
0.4736661074354761
1.8345439426213281
4.8999758715742265
0.5249012118781206
0.20903638412474893
0.3519260388324796
2.4678869951081066
110.62203890000286
0.4398345141865375
0.21375178618731763
11.390860957571713
0.4909971754399897
0.32822225956292905
9.782825279220512
0.5674388700511346
0.23829822574753953
5.6463755244691205
8.617202585553171
0.6289362152888399
0.10132333701945496
10.445155911889318
1.6910727687210567
0.36782747458040516
2.0107748828909253
0.7128351841238177
0.4647443606765061
1.0951980967085648
1.67919806390463
0.4053148397394892
0.6922077687408368
2.1013913236759056
2.005205420521243
0.24571988941229736
1.399910936200705
0.5219513568727665
0.6103735300601878
0.5618727243672181
1.0783601610629212
52.01069301455847
0.9791474976349832
1.3209657424541317
1.3541161153729466
1.6802708649099989
0.353076121169927
0.858268987325799
1.7105228951803688
6.884825325087384
5.332956434150159
0.5402766213309392
8.667030504171503
1.1042963108381618
6.278152926847521
7.957843488239821
0.3218889576056741
0.7497286773096523
0.4352897675881552
0.7848444345103118
3.3215027650402305
0.10316112151350369
0.6716256921226325
1.2562850707508848
1.0057234729781326
0.7563608479559409
1.101117555999296
2.9385755624045324
0.3598104217364536
0.44551866346536734
11.706024957137814
1.4561692426403214
8.148459475289757
0.9379112525714237
0.5484692417964663
0.8742930792415379
2.3440941754859796
0.37042279748965595
2.78455404173303
0.16460148909246447
0.2838816779566368
0.5252027830672676
2.332110211268745
3.8420370672578623
38.09249093067549
0.30579599989998507
46.45498110186105
1.991809956726092
2.231140505327497
11.357246908045859
0.16681559710403354
1.4557077402517753
0.5245160213342581
0.743268047450593
0.435399863622664
23.204797081922084
0.7982141713502934
0.27860530575418385
0.25746899587035615
0.486130896890346
0.5319456320084758
2.911762042386334
0.7677796367472851
0.6413311769687678
336.9857711261498
1.0922979620718896
2.9556062463655444
1.3524279559317651
0.8505838372350143
0.43554374942852914
1.4000321808348075
0.7078424841816403
0.9772784575708582
0.9939682508686404
31.129003296044203
2.4213626043010907
3.3891006589224215
0.2740022268488401
2.783638103286273
1.9651226458176785
0.5030048366893327
1.1965850755688114
11.253788693594764
0.3129366288383949
0.12403239876141034
2.0415592448509585
4.846747275612936
2.2424555942697646
3.8742193724950766
0.26178277309815684
4.923955919648552
13.967968578305346
1.5031117723301712
1.5813172225359469
0.8384593622013474
0.37142791632854816
0.369015357292412
27.549599124425754
5.299244976635154
2.442554201842265
0.8949230093648095
78.38408052961833
2.421983540944737
17.337454914742583
0.7789140855475688
0.1580519572372533
0.6305571303247274
0.22719425565472295
0.7611356246577783
0.5019291554852675
0.9356118244549562
0.620579041096994
6.065898993296061
0.5476934099816945
3.9356040160445205
0.8799518497276905
0.6228302986444174
1.0811035196297567
0.7466727234059706
0.7369308898575694
1.2445014917694164
0.38790444472381874
0.2006886022750472
0.9955776091434094
21.29665755834449
4.499106297186862
0.49248166624270356
4.461051634379435
4.838018467933859
0.6770484477525767
0.5778900282641249
18.538847809325265
0.996388931150504
0.3209660024241568
1.9399585535051427
0.6771667006109993
0.6742654202028547
0.802887208480656
0.48678935476534546
1.4652371018639079
0.41072371005046354
0.9118645898237363
0.2891666598261898
3.2949887024779163
0.41455986000634654
25.266841766580086
0.5675260278006158
0.39711410254958146
0.6231413984479476
0.1479489124492358
0.2530734003874339
4.380002414680343
0.716804649603305
5.179620948148302
0.3811555450320957
0.5945792352460753
0.9673730013384608
0.2551043762388567
1.4410600555694997
8.481084220039689
0.859843762531725
1.0800370050876027
24.63179179589178
0.7763088867097571
0.521541677941395
0.6732847845799882
0.2754328437849164
0.3983030984231736
102.42772258883173
1028.3073408809769
0.5339379769000386
0.2735614617205569
0.5192873360526332
1.0549731064012122
1.4022385054271076
0.9662854591828468
0.5922354992336645
73.06404163645963
36.054666055199576
0.8951784270377854
0.384091663795814
0.43683713641026206
16.899359283877494
6.072271451401625
4.706159153139577
6.122347554237457
1.3230973059485727
0.41406789342706535
2.065389521582508
2.291593575525204
0.8929127856605592
52.79280971709905
5.3928161341167495
0.7821884776849004
5.5621195714959795
4.877696998381114
2.1787488423784604
0.564405168161005
35.452654944283665
1.8301151579774284
1.1600088704000224
6.40863026018223
5.451281183346463
0.9113310681604907
9.930992968322183
0.651674831623876
5.395971855464256
0.771574715267756
0.9970274798134706
0.8712678162836098
0.6327134582724349
23.669034690309505
0.1524218207487175
0.6257340347693932
0.7995721243617749
0.46674235531411884
0.20207167935161374
1.0048111084065323
350.83246622610295
0.7338453855272651
0.5519230454990457
0.15607439142485496
0.384602795147031
2.4124774009343177
1.430337747377243
62.211034163459885
0.18405930461003864
0.4246695227157343
0.3122666016679432
0.14908191951233737
1.387787392056909
0.6046128837302511
0.08253450529075888
1.6291786032843725
12.078853947833943
0.3088615578402531
0.302532938159241
0.10003639248518198
1.3529860641243314
0.3956933472839249
0.45566264003911655
0.4864579492672577
0.2680729485479228
2.319101026129715
0.3817920853266586
5.153583878587211
0.7593645082478574
0.5619459435688761
1.3658439144706975
0.42881673428733946
5.369104072656102
0.812057340319958
0.9172786537472344
0.4868511846149829
1.3358486062465509
1.0270575824504566
2.528005807533278
35.189824125533974
0.6276824418347964
1.3064600316739614
0.5354583591609844
0.3828080259695029
0.8765363709422209
0.7486822776923601
0.233757287721253
0.28070318900741914
0.5746502172013451
0.2735388963679218
3.4895034858019693
12.40972016526264
0.9990346535211392
4.197093199005858
0.8148832494148486
1.2859735285278315
0.4753027612028342
14.31698233792171
0.7616388700944143
0.17388204075264452
1.0365427754322958
28.209524812233376
1.1578685144191867
0.9842408464023983
0.5644809250953049
0.10136028379022413
7.188177492739922
0.5997794890198143
0.33209225934367637
0.8279799398065758
1.174110822203446
0.6832272947556068
1.5846187644342653
219.69491910539102
7.139997392351832
1.0778092638474959
1.1290082090935234
0.7245998365062377
0.303857187780335
0.7906427322837503
7.5662406766076264
0.29826257348047874
1.2117092790428234
72.31037900841302
0.6608380700342688
0.6104838501917633
0.5505630586949555
0.22244727851581886
0.360596851066668
1.0120650602307881
0.7426846323613749
0.24903371800268237
0.3369878633170503
13.871907576344796
1.7015653989868162
33.00911479867329
0.2761125621491994
0.4486554937959565
0.38422802513880727
0.8631184843390299
0.7259753728406557
6.12590025374929
0.2371332350094491
0.4334128401762597
0.22196091191391454
0.40947650356362825
0.7218762232920538
0.552176261679347
2.037750724757388
0.3561938216184918
0.6288957089203882
7.784159072215275
28.936363457692128
1.523679216756226
11.138162059519479
0.445177597939799
1.1745497762335546
6.885742135061829
2.5269602075631385
0.901288028868258
1.147299837998551
0.6699190513326715
0.38006365056064567
0.44639739982283866
0.9577684962017474
181.18556851062587
0.5987403707302301
59.028628386239234
3.6356098896681304
0.42702228634996625
7.729666312750517
0.8199833592393623
14.525166213018778
11.450256382539063
3.1878951020521153
0.5553623950593609
0.5859812897534755
7.739763631524578
0.5480394772925742
0.9358590110937798
0.5159226344721293
19.033794682051962
0.828283302350994
0.36493017060407384
0.49030121164870505
72.67573511852358
12.726939850022717
0.442466696488249
6.051417366128836
5.914530945868687
0.3102628652815919
1.1405691396179842
10.515218451814054
1.2769018347744658
0.38435095492084836
0.5108094114929524
7.463312754285426
0.7823503443333284
0.7908893868775599
0.7229216206288643
0.4871634482567903
1.2997225096657594
0.8220165185652945
3.177169924770556
0.6263402676145884
0.4315448617780885
0.7623875011893945
47.71647833380197
0.2955558402593786
6.643682885511735
0.8653736790956363
0.03219152831131836
0.3680550142470117
0.5670153755196596
0.5202263685999897
1.0586117438164682
0.6700019063088677
0.5632484093767074
0.3409264898174317
0.2082769117446231
2.0229998415935126
0.662835755234752
41.65360984706727
100.8414948768513
0.6392190987734584
0.6854193016170362
0.672559186347634
1.0515081785628644
0.23647618978642976
7.917952530312345
1.2024276836556904
1.2209053000171142
0.27996219512864984
3.0996247390276332
0.9147519207059328
5.702075063342704
0.9992383221607406
0.5491832347542531
22.8114666553276
1.0500926498965752
2.1415362955125454
1.1378393351632567
0.44371570610663985
0.15759491368799267
0.8426660829480712
0.6952496313978989
1.6770108778965258
23.783808909392828
7.461142590856067
1.2895554044468915
0.6632934018708264
1.4646838460562785
0.9703431690504222
1.2470836160143077
0.352786100823426
1.8918415117921379
7.109509377789971
1.3276129576874158
10.38238262518869
2.3751261095252407
0.4981140830723658
20.79253793314689
0.6870408065309809
4.4554103742800075
0.09050248280087339
0.5734815264417408
0.11916759140335532
0.2918913889363971
0.7228896786474452
1.3844436860287992
0.8446308793945474
0.18600577926158568
0.3292837581320058
1.2171439328292841
4.800826901831391
0.5481493157235209
0.6306738601886569
0.3771250167405278
0.2841715955527471
0.6005104441537277
9.49171866610182
0.8780655289875803
1.073560328265082
0.08445888423576996
0.1307286771940468
1.035373392295565
0.3428734461232943
0.8341565610220585
0.37027475654168873
10.689237443721666
1.3589455725782893
0.8134396471703836
1.6011382478808345
0.9222860192632405
0.23717066728934463
3.690158055114435
0.6447506108586535
0.3424186802234517
0.8042662108883977
3.718621626145348
2.0469080690630763
329.2521314202004
3.6473633145481057
6.14662351520755
61.41455949897696
1.138407775468721
0.8388229638510606
11.348727956764412
1.8825519066033347
17.619801281228956
0.8041777234461119
0.7955974095144657
0.21552049483483762
1.7953572635043193
0.2351544424834313
6.649392055248162
1.4234671212195944
0.8759465540275815
0.1544710549519055
0.726213816456479
0.7044586306296391
0.5141937474487536
0.33842106721604454
1.056710581996537
1.0522953549323255
0.7228896699949369
1.3204307020717374
0.43529340229777025
345.0412784371396
0.8222684436772059
0.23659189765016514
0.8310802923778947
1.1598646197530755
0.6578291528696217
0.3148508397448715
1.4428442541764341
0.46476713286184096
3.147920848455945
4.743595381660927
0.9049867508248592
1.463859974334503
4.857416915933278
4.202067819170347
6.162436580412179
0.5810757313263233
0.5984358647868618
0.6263779076420415
3.498655180860583
9.851915969348797
0.9060576140753601
3.0998338709552273
3.37681852060145
0.7751430593106075
0.5614573512270823
32.05554926095668
4.5631587654312025
16.324914252613297
0.33303202882222865
0.6827624270896733
2.3327218445422244
0.28361035038452437
3.895936660874382
1.3008579472588624
0.7473256190972649
0.8656211453860873
0.4416247195410095
0.2674215365629117
0.8112963366691314
248.0312254886198
0.8774859347791285
6.889737850992947
16.362964146852775
2.200387835722182
1.7300603692370473
138.25273443646913
0.7327449328377071
0.5801675158757708
0.3099846350013154
0.5983421550205794
0.3860718228402417
0.4815941765672193
0.8151069819679637
60.18839865571702
0.4775959777170885
0.2220775702786933
4.599243620011205
0.5417631014049282
1.491664791488657
0.3925033494102383
2.3311599034440156
1.1138730315380798
0.5251297415586064
1.405597754186001
0.2826671191478607
0.21277915759556298
1.063445086795088
1.0073109740062138
1.0030366310600392
0.5987588632562619
5.625194493625755
0.9046520606149522
1.719400424475555
0.665864020047043
0.5724063592457498
0.6518876778460932
0.2075640164971148
0.4823865407985615
8.891571006208064
0.7754433950366696
0.5089882407380323
2.303496762323766
0.7994584029123383
7.305594504612158
0.5264916874069245
0.5845201686486458
0.34125966584621725
0.3951402404337986
0.20737886640618577
1.1737944850658577
0.17404001082281212
0.5870229428735098
7.564629620081125
0.4627924260233139
0.9282533904612188
0.36737814388683976
8.012632153073655
0.5490017775775138
1.265313043760357
0.7285015062523045
0.3055408205641593
1.5219521073828723
3.442905230953819
0.11604192598855963
0.23552360818366203
1.035130331572
1.0942160268368868
0.5614028181217066
0.26958976060859924
0.1335350805475849
10.692960941399495
13.552903824487375
0.11930538541163392
20.269802174930383
0.4117571522405803
0.37016454260357123
0.6888197746519763
0.7241310617720668
0.769035405162319
1.0462289004331196
132.94815724367436
0.5281421219678728
0.601310868424214
17.521598888845766
0.4513854185736611
79.67782203265205
1.5687120700778925
1.6754276461275166
0.16945274501655366
2.4363951225654334
0.9867292000729666
0.5581951116635396
0.7742835519289939
0.2811319103832471
0.9973769935912623
0.7870513431884852
0.5497786567027888
0.5555249861424726
1.2339898348155385
0.31631059322317756
0.38768565501950947
1.9558579080659335
0.3298765147848725
1.4578869727984265
0.8579808943403293
5.796900393349765
1.7988638694337327
0.797428835474422
3.8883624794193703
0.8924601670121076
0.18457899920921125
1.085088418436021
1.3061749943958847
0.5301370988674557
6.288206758557012
0.3065610333271718
0.37502628632711904
1.3981588868716257
1.812143342367228
2.2663105574346822
8.256282039695737
68.65980124392868
0.943623403672592
1.5097391293165736
1.6968092616124577
1.006831577319016
1.1921243329524536
0.9571378723645992
0.2819472224857794
2.709386897639117
0.1798658562024927
1.1879616775811657
0.12753068549571894
0.05811612964348653
1.0526242367440612
0.7852871165362207
1.2412530220115974
4.086962289357411
0.6827958696866768
44.28408919866888
0.2642772512688889
1.7435216546575754
20.122552107802065
0.5839603921498518
0.6221157188614835
545.1978758225922
0.17211353308864671
0.9832393052433113
1.2604027094033288
0.4217980966956248
21.019731505655535
0.3295571479330766
7.264240384699319
1.652163409584817
0.42388614209846365
1.0081564276505777
0.5639317193216762
0.2978444121649338
3.4392240094485786
1.67095947611898
9.958669692153864
12.961927659514409
3.236874283381411
1.7931752360675788
0.48106995283676274
1.5542709283708198
1.1522425793050017
0.9961721529656656
1.4946996030408708
0.27679735427760443
14.143478421564154
0.345566636621957
3.274683329701489
0.5477981028264621
0.2087791608077918
0.45069266390193063
1.059944190593754
9.423163608477292
0.24004634181285173
1.8458032562214306
0.13021093117836438
21.066517650280943
0.9437013007319318
0.27826393495172164
1.401012688196879
0.3869269622775392
0.19501373685036752
1.1149680384364082
8.332175545175593
1.2050530823173338
1.3508548461064278
1.4964837106668563
0.64456021970299
0.43586886645545153
2.278475951729631
0.5443624673379808
0.45688427681033156
0.46121636771635416
24.35042555460047
0.3256661319445916
0.4787449398156894
1.4745665128793828
0.10778360184236369
0.4193709635480867
0.8888494242003994
1.1789641358839074
0.9988748940748328
42.66751899116062
3.8341770791208107
10.60396282290367
0.42006985240403766
1.6681387582979526
0.4755762711964884
0.5900159790556323
0.4174500933312948
2.350830835196377
0.4676096827433864
9.530676007237329
1.1459476642621753
4.789709627867427
0.5236879262267563
0.36073729026073814
0.35320042495169185
0.4122158390083847
0.6287737391026693
0.7403981664603768
2.3683380071655353
0.5028134725350941
0.9956500240562289
1.121044001757124
0.7645993096189236
0.5696601856146216
0.8939808613617105
0.6387248976578643
0.7264189088345379
14.263749223006396
0.6785434485193554
43.209195485897816
4.6417168221676945
1.7857230385359049
0.10934243035936902
7.334712898981001
2.5066345346135184
0.747116122731009
1.093197765388125
0.2895366055222937
2.2336733427563997
0.5381863687302305
0.20195241113862886
1.78809134676835
2.1436947928121803
0.6402261007472151
0.8627198135954113
0.4587310819519251
1.1542134284185315
1.6265731994698944
2.4646091289254364
0.8418288432963509
5.7975855422914915
1.0584387558930026
1.4881601011435142
1.159060489535733
0.15785525118136032
0.5921535760850366
6.251023499428203
0.5745745022745417
0.5712800561195535
14.768882890210083
168.6937660407562
1.3430767884096335
0.25504015734425944
2.0016187980812905
0.8563663669352393
1.4100584101131843
1.0447637296624142
0.3740292910615973
80.70589639407159
0.5941301601580409
3.920490778805707
0.6551876725323912
0.47137502817129834
0.820741214226633
0.22050483858949269
1.2898138046698633
1.0029192838203518
1.2185581937497916
0.5957238609373555
3.1002405628655114
0.6137267886432263
0.2693655802032899
8.745270409441005
1.7181393503905387
0.08276215538119013
0.6352797590862052
0.20826246577334348
1.2037910296846943
0.30051843919777593
0.87468942052558
0.3305192556495209
1.0580375188303792
0.4794187958070305
0.5350065675088167
0.9770824707975881
0.0777976346862192
4.63913103207985
0.5968834848946133
4.354116520238792
2.1022378938868305
68.58972408900141
4.8773306730056305
1.616177547546828
0.4642304479187809
0.5373665555416655
0.277284860922413
1.2157756942962405
27.99198651261122
1.1122235988830023
0.5790717198474887
1.123024982883384
0.9647742403664865
0.7981230943096834
13.717087361356391
7.735587367102582
1.526415396353234
0.7662517817971567
3.2352644645642066
0.5696474341843354
102.07854331942325
0.2091996225433539
2.5106554954582
0.09981589389552145
0.6502520747085464
0.3298287183305073
0.3228748709821601
52.76877189863805
2.36014998915594
7.959772070710787
2.887376092582089
3.743773065161288
0.6988515012184454
0.41318472786135046
9.084568455286002
3.4662494449643337
0.47314540651767634
0.3247097755581888
0.3573298049962097
1.275204379231624
0.7877385385001888
0.2696983251173455
1.6057640474697714
3.699585955951017
12.37403198557301
2.7302700524962598
0.26162253464889823
3.1826464046026786
1.0642336983293992
1.7285047924088357
0.8490109491707007
5.0943216904698385
0.587478832936868
0.5985970000719699
6.1439485185173925
3.65763817165327
0.5457912114335135
0.9217602795591993
0.5111052203203927
0.8305412541411338
0.5978785020034957
0.5961208134250404
1.3508009630969848
2.0839944757789546
5.5549455048836895
0.2900419138518773
0.3864213865723939
6.403962431326669
0.9444038070374237
1.1720113963006547
0.3809768369263742
0.31891330450940036
0.5802275727939199
3.801217471017184
0.5232633951297297
0.9979901544995986
64.52169635613245
2.283015996689847
22.413493771199946
0.4243911016148068
0.6907185494041392
30.57522560532336
1.4150796609658505
0.6459991147720743
8.12969922349921
1.2020826864139922
0.10712675456365413
0.40934443675627796
0.7932957071025715
0.6098978589427516
0.9106444553393512
1.7078519151653946
1.6767180552030656
106.22336007733645
2.4553805616911344
1.1135180419297523
0.5415297402142929
1.5752734632887413
6.76099182950741
6.377651550812137
7.3913478977884175
1.783833334048794
0.7497428449530222
0.7659736573717792
1.0668896610681888
0.6574997521674549
1.8518109740971256
0.8783713228000399
4.392383711624999
2.04157881402549
0.23940793880232
0.7696734216957237
0.39332621235316223
2.511404987383458
0.5599324574464338
0.6757832354877109
0.3195283680316898
0.4172202515417314
1.2400781365999873
1.2348851885030134
1.1323773283636118
0.41463713886201403
0.688190202859522
0.4947253315846658
0.31782491292205406
1.59336169201142
0.4886299373295066
0.6782391952840694
6.958948512355461
0.14962282123073442
0.38019638731141003
0.26995305890561
1.2807908896515068
0.7811750360235997
0.6055034518383666
1.7201681448058852
6.508884781964836
2.352509065821556
0.40089719138256097
1.0408856957336716
2.092926659414751
0.6733621550680001
37.51555286917025
0.6563661249424799
15.15418740364003
0.9218794021580397
0.5969040719634287
0.9142438246672246
0.1507690741293678
0.715215651797687
1.0856395058217283
0.7262965220157743
0.34119959276475603
1.1041273653452657
1328.7384906133875
18.07654537999136
2.309490072874392
1.8688597887087677
0.8662840182250978
0.6966414328587728
0.10472949667226306
0.3032196489175143
0.38373813728948386
5.287750879901188
5.781876118515647
0.927006727255278
29.792825496793434
0.5592078325801936
3.498116340049983
0.5379517757514931
1.8145221639179163
0.328751812763966
0.3108419633488641
0.9806593522523307
1.326795770220608
0.5753794653444324
0.5093815278347401
0.29566262216533895
0.6590348536044275
1.2956022909667748
4.436248520981045
1.2744163020370594
0.607270541463236
6.459814101798416
