0.803630850038632
0.27967306907825423
0.7476660462470521
1.296588565100909
1.840854756554292
2.491842905042598
1.0294832403816636
0.31340544813798266
1.189373264898902
1.3782793547502223
0.3651670833643824
1.69984114720102
4.74379128980033
1.040054604335446
1.0311200056852625
1.584157980277452
0.9454493101098338
0.3899958419732636
0.9172213564033962
1.4055483078277524
0.9083473313283448
2.1238992127816982
1.8804732216494533
1.0189576480796223
0.41012503270718886
1.1940749704980633
1.2240308817845755
0.8515780653037459
2.0120896459798896
0.4723345163584235
0.7496765639348453
0.6749674540395606
0.424383303168609
1.4935774439102423
1.2167714213992482
0.4040329795404281
1.7571798658233075
0.23514089863166263
1.507916602545993
0.3410387574302269
0.488701052599814
1.4114989897070511
1.627607224477749
0.6613765097292466
1.8668456822005506
0.48354044815845965
0.7205766776170667
0.6873098530475455
0.6379721911784335
1.8546903860114479
0.5764552531601166
0.7430726364737934
0.7147027193795005
0.8354808402285911
0.8464669783774237
0.8068077505282196
0.46056343099749875
0.8016093822401831
0.7787533616283119
2.439467064241299
1.9557396444928317
2.2735843932045423
0.8210671950546838
2.0219173678547966
0.6014945425033613
0.8022564767345975
0.507654153554783
1.4962539129007575
0.2960191527185855
1.1810355129980645
2.5682640747768333
0.7252429249949031
1.9313763365704946
1.6411836127462047
2.0388102085685293
1.194976210977942
2.791236690041784
0.1798778436109864
2.3970114809928336
1.1786040177395687
1.7124871030206594
0.4797623243477645
34.117532601678164
0.5043755950860268
0.2542812018476294
1.171143694408755
1.5854469900420953
0.5533699273293083
0.756374668254994
0.5746333921599717
0.9458710942720431
1.64185215515815
0.6104128458909717
0.9448929850359754
0.4661654524472847
1.0988991993674906
0.3513825672153992
0.8932234573725578
0.38489354723575725
0.28375122186735247
0.2991752169805259
0.7671858018432341
0.4127771202471656
0.7030949476690662
1.171472127032061
0.899097352649473
1.1047430676089605
0.6926023113807922
0.8077503113043552
0.19692602156652694
0.48588604183912254
0.5853553697250814
0.7984508443330405
0.7415445624816634
1.107005504115123
0.70902143269419
1.1951001951752023
0.7227946393784894
1.3091886789268319
1.1997889065225384
1.4179200299088555
1.790746418390866
2.1052036401389844
0.7519133710851358
0.8340489352660342
0.6284950361417189
0.7004327606450342
0.3740655671034634
0.24755131353784154
0.39824511342582314
1.5201546717424252
1.7864171959078932
1.0140876954120166
0.2912026735797112
0.9392259745693919
0.05663761741012509
1.5279195559236813
0.4482178359346051
0.5067117889761601
2.198539760643957
0.7065802638655355
2.5593544664962393
1.4377138899673787
0.6635059324061633
0.9496529187186907
1.0120183506529834
0.6460612408914911
0.558262920060999
0.24754145264079153
0.48290287106293267
1.0252131293854645
0.7220991558607436
2.018855588448395
0.6533133869403573
0.35368219921118277
0.3287608693542541
1.0037162022161759
0.9075616623287102
0.49628523040040173
0.7761814468187905
1.1036888856876894
0.10148647214581666
1.165627121341993
1.53632376439525
0.9817137698899822
0.2793674449882163
3.1367328253649567
2.231807665584159
0.5696484571842072
1.1210800524850844
0.606726669826406
1.593228110884867
1.283039935632926
0.4204007891963671
1.0947869160714796
1.0237293031948551
0.8147951954092443
0.06255947051653062
0.09893817701598283
0.826550649074367
0.36046401112767484
1.884358333610305
2.345233525334957
1.4111382275546287
2.8742597963621126
0.8128691563314813
1.4828695455722343
1.5651627792538232
1.658767966281513
3.0165524787990905
0.3732943300517963
2.9239093562679566
0.5713311815263669
0.12981683589782134
2.5967289002436296
0.4011581345118995
0.5792144759220726
0.7732526965486463
1.246679266825018
0.9224710768637684
0.8876242155866891
0.9509569873315491
1.0493370456909288
0.09004692176842975
0.570862584278262
0.9450095814575714
0.5367287501097401
1.1743286031601077
0.9309598769622537
0.15401371165735245
1.2436983479201413
0.6322307381353788
0.5384629637779773
1.3095675809516176
0.45895295933756014
0.24266573361308125
0.9575924654521382
1.0603301661496107
0.6797370028159475
0.4326646105453528
0.33607807118512556
0.32350323187894925
2.3281498515145365
0.3354712047181503
0.574555396848688
0.523239010441004
0.5450782030584889
1.12310356754568
17.32070531541551
1.1263225795844842
0.5930770981167354
0.596485228017807
0.6942582022198944
1.0668438522436885
0.4904732852522218
0.5959833034709908
2.163608228676065
0.7763445803998394
0.6878245036357895
1.3116583018328127
0.3853302570636375
0.27036387215278834
3.5460180850899503
0.12465344700943613
0.5294858697341416
0.9340970486828362
1.5199565371759236
0.15971603645152824
0.9069225668204927
0.9481254193659483
1.0148415992760058
0.36305623219682454
0.5921522887535102
0.6431538491755241
1.628055063761234
1.4155830397578864
0.5696240790468972
0.8111251962855548
0.9767733732328173
0.4247386468181247
0.2997704251039462
0.4342456914747865
0.8056249017578979
0.31611111952402765
1.2566160425844768
0.6128497662402485
0.6672894180699409
1.0659811630330787
1.082366178807953
1.1860486929396792
0.7821383157419571
0.473783617385912
2.1139887421545795
1.0548893887831592
0.6687690601147458
0.8535488006321632
1.1666033227291943
1.6135197924391553
1.5132068001006338
0.422846592928526
0.733965651032689
0.8887882881757644
0.30458303823655475
0.9957222587763565
1.104297395625976
0.9163575527350997
1.2339896956347904
0.4921679621182006
0.35749854199066283
0.8237476688894692
0.9012453890275716
0.6536852792392154
0.9036557679057055
1.9858793788312403
0.4595604542776393
1.54428424947545
2.0929828635683636
0.3583944340076059
0.22708050074780411
0.8873887333876039
0.749635728684524
0.4963481918412982
1.1111448015072436
0.2237516105305056
1.9052914455817611
2.302857156383763
1.1923952909866453
0.7601078277011266
1.0209516850243383
0.6723156183578528
0.8304172107281144
1.2162348473026077
0.9876236796052575
1.731118696850994
1.0478557625661546
0.38074236827297103
0.5954855134810713
0.6645706294284458
0.3397192470797843
0.8608581931980516
1.829420724141605
0.9530252559465087
0.5517524833433092
1.0502407559160085
1.291884149926106
1.489893579588895
0.044543966017020147
1.7600108586432952
0.2570002340066564
0.836431631305794
0.752427629608708
2.225208722487423
0.5274122219268229
1.1643499922334632
0.7278133831213649
0.9889428235620812
0.5945411448690645
0.6267545613475379
0.2915251449799261
0.38151362124581345
2.0860191722811665
0.5986207266733683
0.47711098959512405
0.945039771576661
0.5112629379437781
0.32202103363031215
2.8985301725149926
1.1427973225577737
0.1820121987017577
1.0275760577879247
1.0941139302662817
0.4796778104739688
0.36245849125621893
2.6162690581474144
0.6069179175166499
0.754601032173941
2.9869129443698554
0.8015325418271848
0.34486631962621656
0.31648592779604656
1.7988813281510034
2.1128190358580237
2.5953183849714057
0.8950636005293758
7.767509826535624
1.2679731011113815
1.1878616900640389
2.828635886670629
0.6576789100494254
0.3692369673117045
1.640373851954669
1.5107306658718995
1.10368868924584
1.48558596021697
1.4351624111815804
0.8066988736125535
1.5365041766112284
1.6836803085605958
0.2721865094985729
0.4934626077658463
0.5156599620411854
1.388458011523558
1.8365054563533973
1.009551461116781
0.5079405839186062
1.094363222845795
1.1104325264114936
1.146453894943109
2.5682185542565947
0.5136930556171396
1.6900430448909103
0.30061452404925876
0.18153431182349022
0.8309902275606728
1.1987685400749426
1.1021163621906807
0.8521216109988597
1.046159792539407
1.2996468580356677
0.3292454390711439
0.5442814239171089
0.9681674869134489
0.9743669695401213
0.7760844245703453
1.81475073149542
1.120472463727062
0.7418268120832964
1.6728985463398318
1.2590399584675447
2.4686586043111256
0.43425698200622853
1.558404494783472
0.9959976580799126
0.4971094896934809
2.0599970525792353
1.888434905519501
1.1598764821545497
0.5656054296422558
1.181387530381143
1.7595381190809762
0.22499390093978092
0.41415831012540105
0.23903245859520422
1.0595783641429832
0.229959944083114
0.49040803365918073
2.0104633853925606
2.1255430068201657
1.0193080992065389
0.42691341860395415
0.4050786678627708
2.068838274652088
0.44050464501245745
1.9851125800881404
0.9076138164454628
0.1539866935580071
0.896563942431657
0.4940701839872817
1.5096361549933186
1.1154149988837136
0.4829569097743043
0.6437480558897822
0.3517348781183776
0.5070071470189339
1.638042818278969
1.2415111682715148
0.5318697555623699
1.2488338319956298
3.233714720070607
0.5609478307252411
0.6092884063307104
1.8113344617235645
0.8043010598966726
1.1452958184178554
1.1461956147395609
0.6179698508649004
0.4143858411697365
1.2131382290763955
1.303993909948858
1.1681203596133187
1.7908878335617866
1.497811817927833
1.1193322888603767
0.6747924605349361
0.6932559310847111
0.8218583450025352
2.2903469463748367
0.5833636179001551
0.2664964346045604
0.8109763597048866
2.0701981464183103
2.2018006142503523
0.6305516692395634
0.36056063496165797
0.756690139081502
1.0009434502984673
0.5928829970141236
0.8287318996126025
2.5255470684042196
1.3518551266293335
4.362341385159811
2.3321803777930077
1.5861183004300459
1.8057994213653752
0.2407083094580497
2.5889794865013953
0.8644462517218837
0.6297982810381862
0.5479096135407555
2.0538885266500824
2.337933081345834
1.4289998043309877
0.2631598251993475
2.28409553689592
2.398042591210738
3.110080209677175
0.3443878303384535
0.4183206167616075
1.2938930910534556
0.24547736214898708
0.6223907669977207
1.0119488741790732
1.987808731983918
1.0357539290186375
1.6917364425421688
0.7580429863526974
0.9235442434303702
0.39839886399814695
0.5379798831325927
0.5279237131134162
1.0598279263077288
0.3584921559709607
0.26145108490628066
1.4248835726906255
0.4297566491010452
1.8661140980443998
3.6302821751066556
1.1126145099714586
2.0319822774997864
0.5947842892453997
1.0697947783339656
2.234406527264746
0.39914990572938513
0.5312296610797773
2.503368397142562
1.8327207009702957
1.8184436176761956
1.6836164407553098
0.4730044170212601
0.4020881556243573
0.864746651685503
0.7152453293339003
0.5262715011339173
1.131014259381948
0.8638348479369974
0.3031790336583645
1.64799728347345
1.0101452622842024
0.21273153008603654
0.4361125152662267
0.16682313117563943
0.8141222101990423
0.6274252741280547
1.6862198733160285
0.9621729147011434
1.3639404006249929
1.9667260710826153
0.40653961042749104
0.5803532937298639
0.678742946185222
0.1474386925036387
0.24903558251917382
0.6983952825412804
1.2401510583200481
2.2270388921267315
1.1128787304289418
1.4239565572421589
0.6162608621704081
0.6434601175363397
0.4676697993557078
0.6910380495305843
1.1547382866973115
0.49606929004095474
0.4275650162585307
0.37680678523874966
1.1953783591824159
2.081264164988132
0.32930138455126323
0.34410244235285753
0.5515430667890368
0.8479368161748947
0.9865338263196928
0.9807431902217243
2.6866418491345003
1.1718809833921429
1.9632473180687602
0.34105465655284994
0.16291529137279293
1.004422274608228
0.26667279601151894
0.41727821845596363
2.675591115014091
1.0399370156466432
0.6464505518292358
0.24087405987290328
1.865079072968738
2.271411828806054
0.5919668003163728
0.610506517649605
3.2399401050242846
0.3276626057312899
0.9809564726413309
1.9971673916640387
0.16814446133315578
0.125793634054085
0.7453990083293679
1.4026235322947875
0.6791281062814699
1.073687613067622
0.9471334801538281
1.3291200719501104
0.2816188538794405
0.6813272594716012
0.24511627024125768
0.9118421561757772
0.8743919494941764
1.1546441241012124
0.9765839446820267
0.17471735873118777
0.6301362039975326
0.8031476336203583
1.9575497182747847
0.35258305349497493
0.3919811665798413
1.345427548186616
1.3968799607822766
0.30796976360234063
1.9065567012666762
1.5362818377804024
0.3510147975032484
0.6352636116246625
0.6254666028144341
0.5483662251675336
0.4973987463770751
1.474448376488323
1.4688137886962154
2.4119249315244358
0.48156525984651777
0.17138589106037652
0.784436143566478
0.7197482266282443
0.8176908710823084
0.6455151493368864
0.9858221532763085
1.2237936009733374
0.8295696265438354
0.39984694976212526
0.9402488699820591
0.6153643374507523
0.6760969733992779
0.5723164008773609
0.8386739822435278
1.034177524790067
0.6725234452383871
0.4627562358746966
0.8477569185667749
0.3286262164524245
1.0542287210430032
0.43189234944757393
1.4158132691573637
0.31135719941405077
0.40874835846908947
1.1623566434755037
0.3496676573340804
1.02595565579527
0.7707369803160223
0.713056580502572
2.027784373590824
0.8598650668291984
0.5602659444069145
0.6605252543022784
1.3057904774769347
1.2220657437990594
1.2893058143105818
0.7957458091050085
0.039228190198347425
2.1465641578581973
0.4423692734925561
0.4535203938491822
0.8020662202073341
1.147278354352792
0.3415639104418867
0.7368676027837032
0.5794472879659123
1.6958349940820612
1.5163970870490977
0.7761683506810638
0.8567101195994073
0.6809675454626193
0.6915468579677859
0.05105687522019321
1.73758408425616
0.10533998412161812
0.7831301458759788
1.048615467917123
0.2597652221550214
0.4731311975817203
0.7214104524544052
0.2963633337101643
1.5386085666230438
1.1751693216455976
0.6703027057044819
0.5692324562006603
1.6034157295322975
0.6289036231555564
1.2623452875363477
0.5995297535326172
0.405531111084173
0.6797154030729627
0.0805996397280822
61.3149297141483
1.2011519891277669
1.636269020363714
0.8897451771993982
1.959820779597445
0.7883148160419445
0.6406956285281754
0.7583243292839833
0.8297790274117747
0.6564781611034648
0.39205341764922963
0.8221302903719258
1.6411863955421204
0.5684860786642013
0.4108186781840572
0.46901714216032525
0.5971853711542323
0.8552668243235585
1.4174857798776055
0.63059504463604
0.4851005097291082
0.9799739172264582
0.9906278403430329
1.132311936506875
0.6327929216166479
0.9045324198296137
0.7078770527660436
2.0127264551536026
0.49831543022690855
1.6169326902979484
0.5014029802807883
0.8546470860786286
0.06052913707909052
0.8224134718728596
0.7226244771938645
1.6397240331888938
3.690901730959007
1.2846071420026424
1.2692775377043168
1.3909927933905506
1.7527601411189426
1.6572215124042313
1.7046701484289175
0.7402840819284188
0.525902375144732
1.5779064686750208
0.23803321269521446
0.618660308374371
0.9078271123649024
0.41403965011551985
0.6937767959693208
0.8530086101086856
1.6220780338418948
1.0905868168431938
0.2538814991086469
0.45983014915583215
0.9225222314210082
3.2609891241001
0.22312199322507786
2.0586908195996303
0.5199479936891152
0.3518520351229221
0.7018663592231057
1.956521562260793
0.6436668902679433
5.6066335116921335
0.6975038426955499
0.11033921067477825
0.3213875975567533
0.34296146447411224
0.3287933683499666
2.621170167222769
0.5426222275117089
1.1658952427896974
0.2406299109285828
0.33973858626063014
1.1614152131074467
1.2476855567142673
1.8263939328560765
1.561065142602668
0.390519387456111
0.5690271431516362
0.1602544630180463
0.9595308488650566
0.6696746229503722
0.5781537377629635
1.2572356133426308
1.9700768590833948
0.8411020734560839
0.5688077577062775
1.72485541882766
1.8823727672411088
0.9567967769746425
0.90458946171114
1.8841534345556121
0.3371684918127393
0.8911382730033607
0.6515758450402065
0.6763889495679933
0.5989439153977668
0.9631307946644639
1.6761762811502343
0.8570409256282925
0.8361964698477267
0.5921982458123553
1.3790408669214667
0.8301940999406372
1.8918839997815584
1.0251495873429486
0.5319366136351487
0.6255475664020131
0.6434914668043268
1.6489490305321846
0.7546366835075861
1.3919170305622928
0.80771499043391
0.4492024936110558
1.3543813070896709
0.6806786478966255
1.9269095620033625
0.9201247520561486
1.3959870749977823
0.6569069480860947
1.8127776276077143
0.7806284491826084
0.3579984068627712
0.184578455843097
0.18444379011552223
1.8875558100804846
0.6479704679033608
1.5722414692556592
2.1343058451309096
1.7844210818417015
0.5613102467675893
0.5199505581337065
0.7049234823682523
1.2357518914975203
0.6713518296959952
1.181307104227969
1.7449933121043328
0.21091633079292388
0.5627520816693922
1.0850657990789634
0.9846454966802489
2.4548495401047323
1.3283808013185379
0.8035525109621915
0.0810974611866241
1.8032820560121623
1.5393323627952
0.9195988900333366
1.9532107325973234
0.983856254046507
0.728914677650664
0.9034401223163726
1.1156940442303662
1.0546041800733277
0.817338088583451
0.4461013463534735
1.3890741160646733
2.5414684516274173
0.718066585161436
0.6696437053122387
0.9416087699111332
0.8131801965214315
1.0417561243165046
2.113940149992642
0.9242466768218536
1.458097140206169
1.6344562878113311
3.0289059114149244
0.3734304054279944
1.7719418041027337
0.18470542693174608
0.9035627582170355
2.812498674805732
2.364073928714369
0.9519936330717886
2.2086226911715223
0.4164498175297409
1.271405255341843
1.6253599226093296
1.5420657958193933
1.2914303123117499
0.46656403037684574
1.0467416875584452
0.824431443082122
2.0308004434585003
1.480769276657163
0.26771080123203633
0.2483304060494218
0.536663350357416
0.8011154749572946
1.3233743917129186
0.6038396852469939
1.6621601758646019
0.9645241399674268
0.4150481654026371
0.4825904026443098
0.8632097604493548
0.9908433906222966
1.9123035776165598
0.9353338286038185
1.371374134106427
1.270745595885516
0.739457525449517
0.7759568904650722
2.6787301057299713
0.7352060561018785
1.366781508882508
1.521425983037062
1.1752889239275466
1.1001345737139885
0.44529451951548943
0.44874487533784857
0.8330753998403885
0.6744737667013027
0.4505483003252518
1.0370081417965968
0.4362424506861901
0.522908039634313
1.2836469379056719
0.15109851149783948
1.1583380516118014
0.5120014192243225
1.3777120983164486
1.8021418109025782
0.38870122842426225
0.587285564109721
0.9371820731763059
0.7986650351945869
1.0053155326962517
1.0032383447953812
1.1094272219703798
0.8697220092129764
0.6826238366623538
1.1331385069521107
1.1754595400809882
0.48264096662124273
0.11723899385522871
2.3900696263360603
0.8115142449662848
2.3821893884091936
0.9540208996984554
0.7688378534156757
1.0265434866127814
1.115697123115779
1.830843768357598
1.9456061144268388
0.6376906704575497
0.4806413060514748
0.8770166245246459
1.0835326328060793
3.079843989996379
0.2629312869432701
0.4591630156549981
1.2897023274343913
2.1499890213596835
1.2238378716867417
0.21994516512154128
0.16972045978137631
1.4297846839168338
2.0563445245268186
0.3608594914706181
1.850376780153164
0.33696589874890737
0.15119828587532824
1.0043640793383617
0.415903604575804
0.5957177777392844
0.9735670665648329
1.1583049791467623
0.775783840594553
1.8949567555853184
1.1794296361560004
1.5460082414380394
0.17386424336516404
1.5135574913241148
0.2867447801621498
1.182017212114574
1.318284320264966
0.5674990212840205
1.1064808934286898
0.08232430058006622
0.9588905618744306
2.0234439896458936
1.362808910544262
0.5835427807830803
0.15159067928632008
1.4894503088995439
1.004323352870281
1.3730085572723836
0.767512443747795
4.19307647157176
0.6335680193852057
0.19874151410153415
0.3227994729378935
0.36926029476311073
0.9551526032622325
0.33091803977236245
0.699340077208738
1.5124129858894755
1.2145244830946313
0.156061048320427
0.7564601408407928
0.27885982301080103
0.5363914474189709
0.44149769952082746
0.6906747092275155
1.1227023253359552
0.40705274547451925
0.4586301047902277
0.8515194376662639
0.2692012740233471
1.582495745092511
0.5273417689210261
0.6722769661219999
0.5773194126679045
2.9911630045064763
0.9008087568230234
0.7122415194034263
0.2852752236877525
0.6390088945651113
0.6919789991699027
0.24199906774488278
0.47921342257739863
2.09658007393011
0.05902605626432306
1.472211026856949
1.1930736120504355
1.2253254195071757
0.38508481685477514
2.768514759345856
0.442707436115722
0.4858221488527277
0.4934918134023236
2.4207910998444615
0.5242736352208274
1.573253120320946
0.3397993753255176
0.7642165872012517
0.2651087612598554
1.4490112167011562
3.817709256174344
1.1338483651218947
0.8191187991924814
0.60384513831657
1.2594989614289371
0.4552442646048524
2.3547715147113184
0.36934485409511386
1.1292598032033887
2.1111960192537644
1.1653403611182616
0.3038405286751332
1.2545769752316958
0.5724383572852173
0.5396831718766649
1.3980099006214894
0.6734517105278635
0.679017503087277
1.466308063340212
1.0200421108541602
1.1408200477191544
1.142565022035899
1.1943381139297782
0.4567203935304359
0.3412928891220513
0.4314932413934123
1.1755183823464712
0.8393511584345298
0.21492658499921208
0.7506199397945369
0.9165270751189121
0.894637433824043
0.8389580778835284
0.3542481905647848
1.089519915534228
0.502808870795916
0.45156875087652953
1.598863448789056
0.7704837265983564
1.4069080119576896
2.0365596171918248
1.3783533252163789
0.7145862532981697
0.6317367295475947
0.9839803511733352
1.2742457086789496
0.5521488371042221
0.4544648315574709
1.6064476994432573
0.3697636255964507
1.2990260639667606
1.974319186666502
1.2041208056052932
1.2582980663658383
0.9851820009018672
0.9570403328878865
0.6254754702371013
1.9593228515939056
0.2565978336857147
2.1160049955894387
0.2789164409964564
1.2222076665769497
2.464301672037323
0.3214265085200779
0.38742646499228944
0.018081846371383496
1.2886183299578984
1.006019875236612
0.5646521465988179
0.9203000250061711
1.7878388017918903
0.7114831589939686
0.6190725916834201
1.8329412497683917
0.7183418501224079
2.3956427651484007
1.5085130989630327
1.200063508340221
1.159929801409558
0.32547574915068733
1.2504022420579788
1.7887200778570886
0.9431615838371106
1.3736212528129876
0.6412214463739035
2.1243363888489757
0.8144131231502701
0.1198988744511887
0.4744561100309901
0.6469213342878719
1.5327461126537827
0.03162673468923939
1.646751383371004
0.7730035882100557
0.9243028144995931
0.8630566688995567
0.5770113457776791
1.0134968645873348
1.699395699778293
1.017438890706381
0.07313864530607764
0.7848458185797066
0.518126540135247
0.3901807562705896
0.2796835094327175
0.6020400481834244
0.31255726433125175
0.48677179061462383
1.223029252189138
0.9793358795385232
0.8091867422690715
0.6644890600819924
0.3583055728720844
0.14890568716814354
0.5904452910990845
0.8999361619195209
1.69351192023885
0.7438049082435677
0.5123071847468382
0.4846312787733738
0.6506765340655496
0.9118007336709031
1.6399066256696633
0.4685448975917795
2.229236433323524
0.8265361846738077
0.3070719974037942
0.6748078461933259
0.5508175621707762
0.8467615389733034
1.4934480934121002
1.799517023234362
0.08170021174664954
2.4273563870835897
0.8747259482423417
2.4687199627640766
0.9333718140339899
2.6239557224320023
1.6141129878816716
0.6486739842797906
2.3095031599198204
0.24734945845759546
1.109559562634866
1.3326329691969807
0.8212849812014134
0.739413033723016
2.160397773627908
0.35733167846782654
0.7650786430750426
2.05088013116208
1.3308287281159576
2.832963256825892
0.3718666335935492
1.6276244943515359
0.8627927919529982
1.2647750005597607
1.9233229661591724
1.66852365288325
0.6226855538646403
0.3605961542111678
2.502494679520876
0.8734516699205568
0.5676687076383357
0.31461092533809704
1.3416387274412762
2.0972313492497077
0.328497264137952
0.7839766705387483
0.18627283584483376
0.8760703681453655
0.5065798931972019
2.8874441716785646
0.5602347904873084
0.4339889578714195
1.6503073539628592
1.5907384154181006
0.9937684372827317
0.7242401744361854
1.0751214044005257
1.3781820112835435
0.25953732495778287
1.0213580339671497
1.0931451619577506
0.4393416834903464
0.24113593389695778
1.215197390886164
2.233628971365875
0.4645428996495468
0.509588476616966
0.06937681913283698
0.527602241745108
0.07803118090655133
1.197838144956868
0.26426540552751226
0.7538547098344154
1.2112888669107431
1.3854881897089224
2.3017710197407286
1.9079863277215565
0.9188593208922426
0.4575055961503903
1.403320069226132
0.6116847320457903
1.9540315575111336
1.4150641233298658
0.809216209558817
3.159677944309144
0.5438010417822458
0.7972518862711605
1.1799932596158742
0.760749563097318
0.5093259874969958
1.824701081681523
1.920431782583407
0.5087299566375915
0.8594153579284662
0.8077304732739788
0.7580732218096594
0.29410030096362955
0.5425061431541772
0.7008861662312679
0.07894116073810935
2.2296076144696335
2.6021544947943824
0.9016871366895292
1.0631321816479211
1.2167316812739846
1.5040315759933471
0.28893318745076585
0.5415303313784718
0.4166321888329551
1.344680159718727
0.8837516040185397
2.028316960036702
1.6674614731435058
1.307434696705355
0.26619430063051547
1.7568312540012052
1.8776957958681209
1.131302961073915
0.7586481324322818
1.499000607523246
0.7415661983507945
0.33914150320969355
0.640049450525325
0.5403850529517943
1.187169258763057
0.18806462041152863
0.3366239455558656
1.1188690985997278
0.9851378143686491
0.6008056652957853
0.18237253234609252
0.9065989186732089
1.9821941176326907
0.6545080636140839
1.518791853057791
1.5497724730598852
10.329320469535137
0.24244240357679503
1.3107442340766007
1.3280846938276787
1.164628523822289
1.3648776406792222
0.4359661593818993
0.17084614468620074
0.9615364488420914
1.511792026800918
0.06808711099709507
1.821419130850112
0.19313126131290106
0.2054069657472527
0.9448604380768314
2.053531093310726
1.1516789557645053
0.4136709869591444
1.3110156023991892
0.6357194571703136
1.412635100168102
1.3883610916242175
0.754368034732321
1.404199535900405
1.0079708479555598
0.7326827461618696
0.3734533164871502
0.7490994933222153
0.48202114374487337
0.8214555799907417
1.879841665216535
0.15166200231688082
1.6545514770842242
1.132598886597038
0.7795509127168301
0.7333217669611455
0.8798702765035764
2.1152196902350475
0.5314762483669458
1.3151324356130314
1.0995657673222756
1.119218696082225
0.4588217741519725
0.8485931749151951
1.1461644994549165
1.5113531573833172
1.0264353510604687
0.5558468966775661
0.8210829841231868
0.8762703424767195
0.43081143635025254
0.8790361169599845
1.785882760435898
1.0516026382192152
1.3970995216252637
0.08372439333165714
1.525769030920855
0.6844676903339535
0.29441600887473574
0.32806309891315044
0.5652882886204313
1.3474351941206641
0.42623641139385127
1.07441974530766
0.6334772942923959
0.19307294979957745
0.4398710547309961
0.47617577536557115
0.27455628837451024
1.4392767270194848
1.1171020814114518
0.12070860839971065
1.096770591911732
1.5156678262094412
2.266056116687695
2.7042043671543707
0.19591295165088624
1.1125362751000765
1.3355080453940358
1.6077555392970124
0.1545250558066656
1.1290535201490342
0.7808148492932288
1.1236153157324942
0.9369697328681226
0.791145167971451
1.2479926178522398
0.43454328289417393
0.4732935417606047
1.680168324619114
1.9405752248981845
2.108929081756048
0.8821138384114409
0.9446829515965459
0.3717136145242495
2.490762121087833
2.5456588042989203
0.45916927981391437
2.778633194410734
0.840479686080263
0.5167061150820147
0.8052313016331871
0.23342822612089129
0.2942286304074745
8.287361274356192
1.0663735761953659
0.4176328605680508
1.7645468832325475
5.438906692613959
1.9885743383683203
0.878693108155735
0.7440745602676477
0.5295528472035094
1.4104728659402668
1.0194870259874438
1.3361877700281237
0.4785916624003568
0.48387944806911054
0.23832457188116996
0.8486489487498831
0.928044458428691
0.8175647212821052
1.5020251734884338
0.6968576135403827
1.6233870154827794
0.6867264268124065
0.354641323355821
0.178648080917912
2.023685510153068
0.639218275626683
2.4092457913290395
0.41652753816697446
1.919088172285651
0.3523355392579252
0.38444292737832103
1.1746537073868302
0.9031242291633227
0.7163434242199128
0.8739481223741801
0.7660621018614199
0.6276412293009945
1.1637636206428992
0.6711195310562275
0.6542670862322495
2.134548230205558
0.42544690271881336
1.560275016752343
0.6526515354746355
0.373583239060336
0.8273529014596082
0.18902327474285288
0.5914544143997494
0.5488769357877987
2.2912828547208415
0.6003677974594026
0.3126879222472492
1.5809573070781984
0.7087502920570212
0.6660938269157475
0.27631904175102723
0.5665396626779532
0.928271274989477
0.9640512150614571
0.22310136915939108
0.753698353273433
0.8560516915279064
0.20674161011298448
1.3004949390024276
1.0659434028867316
2.0672545023363664
0.1655639842598553
0.3784849739442952
1.177801339553741
0.9840339594669368
1.6374030210386374
1.4866922555314734
1.0894439905895716
1.9555028107337298
0.12528940185631537
0.7153075166167353
2.10829680032692
1.695338889238554
0.3539944063773121
1.5917680765025208
1.22323768849088
0.11922392761462972
0.8173247894634695
0.13449243171504174
1.1960624271257636
0.23466500258497358
0.4414359202469841
2.8519628981858696
0.34924416975540956
0.8362341817719038
0.7868654689682345
1.724243565611978
1.4283569070788047
1.8283712788522195
0.7830755680434074
1.0439856260516596
0.9263131996953896
1.7327914702478961
0.596940625941602
0.6019678815904651
0.18933895816441143
2.282092020933105
0.7331710221942803
1.3773046075922801
1.2580575038376907
1.5872766657798787
1.0343548131222429
0.8373221097146781
0.5840596283255489
1.730420318223571
0.6509914767067613
0.3452200747250025
0.6479766803854592
0.23216697689215574
0.6572911215436105
0.6030963686422617
0.7959888294347992
1.1897953613221774
5.994684236338725
0.315779042750535
0.2679020228434152
0.3564310359854073
2.874607490851604
1.377464680386045
0.5633640835128667
1.8617995617350163
0.44609359907681073
0.7386137795955668
2.3215509821597213
0.20311101315253302
0.3340074756700308
1.7416261367243078
1.1993229621267103
1.601706047934621
0.6043457375774329
0.3234752074495437
0.18819273175499426
1.2046382333105625
1.42990047895582
1.0978225696013126
2.2597649766505046
1.475706983767354
1.4506430979778868
0.8397893019883798
1.716201751852208
1.6415886897160437
0.1778561065155143
1.0125784555031416
0.8801456849077197
0.3311997322782483
0.521264432118454
1.0540870486033913
1.0664787581738913
1.2943156194253467
0.7707274884547785
1.8994983057330872
2.1216015431856774
0.7627918430782357
0.23956364254342105
1.3342981989047995
0.2928158643985654
1.717030636399639
1.0810385936703584
1.5281446435955774
1.2235157666339818
0.6417157388831786
0.9175083628351338
0.6483411224357138
1.707263101944519
0.9954146926802758
0.4267582961601848
0.6247432303573944
0.4081583971385755
1.5683185061107983
0.6871712954423791
0.3356303117168509
1.5963411315331826
0.9333074366504878
1.1332179445535984
2.0811261144315067
0.5134047772982945
1.9205684085074228
1.1527315986386724
0.21674333236228036
0.25059458752328806
2.4594693485430024
0.5506225695046377
0.7512626697078726
1.07298773545819
0.4870692979504458
0.08973011080853566
0.7237719716677596
1.7248332262268482
1.3434794207804917
1.2667052991758632
1.2326138272127614
1.9817648362497546
0.309331225513566
0.47123258331705314
0.340263125155033
0.6115205336735177
1.3859076097003382
0.5154463207357545
0.8145879663613667
1.3086809764596476
1.3130592714355076
0.7692573747840262
1.7870250087298822
1.920995917825274
1.1142560267468775
0.3008140619414318
0.8918932283091923
0.5789721932405804
0.9921479215489086
0.9741070048106049
1.0228768902081602
0.36541297795579836
1.4394997896913735
0.4339460210837748
0.4209095965725788
1.8017543559098612
2.413378232370527
1.3986691603684822
0.46382290036511964
0.5740847848880087
0.49446047321003966
0.4083019934210067
3.989486880205157
0.5460547746361534
0.343446584065397
0.16382944500237942
0.5089741042182748
1.6698904774554542
0.8295847046451355
2.084055765620275
0.18304565391849706
0.6979881341055397
0.7280494134390697
0.7733841148234514
0.17180375996012967
0.734421801602081
1.0992229572343177
0.7701170121524424
0.833604073622227
0.3846785829060122
1.351114721152557
0.3540792734149333
0.3303713413173326
0.4786193705285597
0.8458098487511104
3.897935946101151
12.23070092169903
0.7002193479450481
1.7424721067767004
0.8265753715992041
1.3404718105611189
0.9135255939747928
0.5984374811308314
0.5796917674298319
0.9153318030497075
5.223982887150721
0.33819089665726815
0.659638569138773
0.7373526390255095
0.8265445626374051
0.21644989984981963
0.5858607420344323
0.6359744522610256
1.3854251228223347
0.5991738188893647
0.8811027055798786
2.1014432993022725
0.5400292517020451
0.6856287306946346
0.5188124507429889
0.8774978294338638
0.2963462545181545
1.0944896301165792
1.5370682730255492
0.6411807922943824
0.1692558622466643
0.5588692276953992
0.41239422773241113
2.127010599072407
1.0671797775347502
2.4533609116997743
0.29060022508947536
2.0211199547299334
0.7629367383974458
1.675230940137353
0.5105261100170577
0.35540428826945414
0.46559964681045146
1.7369176249057083
51.41267217014107
0.3249615885417893
0.5287749907276494
0.5122349161321785
1.1551970134524299
0.30394263522791803
0.7937917600407831
1.1463465900959067
0.4844428818646212
0.3936635929384877
0.8031947791459716
0.33091776637757053
0.7165950197704158
0.49714553738415074
1.3620498024268817
1.2501079805187703
0.45500079129764803
1.2618197057118592
0.22180602478726336
1.486931855526725
0.5478379087564491
0.5598141760407264
0.5707236885974875
0.5741084921326495
0.9704891397277654
1.3665874844540982
0.4701101692950272
0.45954424539025074
1.2784232402676903
0.782721002454216
1.7530657635180855
1.7974185662411901
1.40431775822744
0.38297907570164164
1.132324523581805
1.1590579286330611
2.651915062926733
0.3204502844459253
0.612699137919931
0.2947498619419019
0.16462495995390647
0.9085547887954339
0.45760017438620226
1.4230156305027044
0.2980985463492915
0.3314555344231087
0.6852714765245078
0.502027757055345
0.32077420742912055
0.9069007782790822
0.157713760073785
1.6865982284897423
0.554946610479382
0.9400725284361013
0.4101415762101508
1.1092605764572931
0.39172074240650057
1.354834502583238
3.6078301718446677
