0.8933703745502606
0.7348691916948049
1.167774197865198
0.7224194424523458
0.8969817498963594
0.9471069265517288
0.5964673641707011
0.6801701497425147
1.6177793401831364
1.4747561487847494
1.9342648137987428
2.100012661762995
0.30192171608655377
0.7323724529385294
1.210613801575861
0.8354603614889998
2.2190878009906605
0.18417065536017324
0.5947842716949252
1.1936617233324136
0.32280273361281914
1.302621434262271
1.8128833509311293
1.2468203196546108
1.5235807120766447
0.46292510116058083
0.888072972408604
0.7386610963181728
2.5514303514943637
0.46260600364101934
0.3312808268392701
0.7704377442407622
0.2097076206249551
0.7953026390345487
0.7359379744267861
1.990910471760131
0.4339142116913662
1.1583913304685467
0.5068747032182802
0.23801999966311277
0.4613972234458147
0.37943057342217584
0.6166230723969567
1.7096585603265675
0.8335288393873619
2.2770790698844636
0.7937872945077571
0.27316580494423487
0.6647470578638834
1.831255484351892
0.5330575677546424
1.751022775009853
0.7985309642992142
0.2690338662928897
1.4103579461155755
1.096709547391073
2.0851837059347353
0.4262480058138105
0.7409032996072629
1.1896001811191341
0.5677962086939148
0.9660483722817876
0.8200941378308083
1.7448901861513086
0.9926732570568726
1.0267449745400818
1.2209701676201894
0.43494270611082897
0.8259540785556154
2.023515303907482
0.16614685494651893
1.4646081233301216
0.5363280759935425
0.8069030275020687
2.8117089222232923
1.2909134596076974
1.1610920283429682
2.2215848506645264
2.7414680171694545
0.5653015205108859
2.3258607881043982
0.5666505614631693
1.6157011503364218
0.4642138522398617
1.1303135711088457
0.5383580583076745
0.4771204332652633
0.7619366168895796
0.49101922350072563
1.0147324553220212
0.1992772475267663
0.8449832898686774
0.875793823051366
0.30257831351789055
0.692990313444986
0.3126755436728916
1.2695340981942405
1.515257998350802
0.8070179824155096
0.4144120561947414
2.3531010339332217
1.1379726507240564
1.5277177624912934
0.3118016063206892
1.0866241853446885
1.273286017828158
2.2868927115277446
30.110311354851543
2.7949306871610715
0.4947272707055268
0.6644113887917756
0.8747089011073848
0.41669217530325714
2.299478019651247
1.287926630112092
0.4920913784375672
1.9492311334658392
1.553176674645702
0.5383623467976988
1.2522995380879653
5.813488851169395
0.8784509431532077
1.4382051906172677
1.0643237310099056
0.6634449032873682
1.8900081793828112
1.125317565351307
1.9457203007083508
1.7881825765891146
0.5883356567387531
1.9500574873022634
0.7596058576693184
1.2853981765091427
0.2891970451294199
0.5316834228756617
12.794151132504279
1.1777679578235385
0.9774452885247132
3.0100972558188817
0.4603329883436126
1.7292103883274141
1.51387669488073
0.2690234881002788
0.46286958693180136
0.6321033360860271
0.4427080727160058
0.6275313346922664
5.413461592109949
0.08247657690439325
0.1993022191955585
1.2491230302007759
0.4589765138152192
0.6169561878395385
3.9064340452398896
1.8021563088568389
0.5955815173377622
0.9500686638624362
6.225574020986232
0.3171711508649681
0.21257233398853526
1.0476795785359456
0.3334403334818391
2.367238806612838
1.7814383108947554
2.011738088981455
0.7549715157682995
0.41784772474247933
1.0067217308159475
2.1944124135712713
2.0975860441193457
0.5814664705247766
0.9251416429134992
0.6914131388379473
0.8124351522859291
0.8735479336455017
1.1165669028836762
1.0788637123525489
0.9592842483528451
0.6159142845899018
0.451339874212409
0.37045689962458017
2.1484195564061666
0.8011425900059705
1.1075743621213856
0.8518672664849186
0.6357468583381846
0.41524431010781115
1.6536758925917898
1.4343378634538304
1.4421538979120256
1.010671689352784
3.043188252422101
0.8205773192882286
0.19328654512724516
1.6586091800657667
0.2750102467098346
1.563251752346624
0.9686444373495425
0.35374135320833755
0.7833423596606949
1.5684796577324815
1.3665972234721648
0.4078321300290682
0.4796556913827052
2.1744424577303234
1.4017181949431887
1.4747071613834881
0.4524097692581062
1.9369188723570072
2.035739700936715
2.987631742330744
0.9567916759172655
0.8742646077556938
0.7221326545541629
1.164811652520043
0.40838945184152176
2.2613432908881923
18.12724480606159
0.9644324293675433
0.8671779035829312
1.7243443744107234
2.8041801033243705
0.6244964380662205
1.0401570132858626
3.142139734325386
0.3528431201157797
0.25786425809013946
1.270889174333185
2.04365771496406
1.111118437788658
0.2993092902894993
1.2335069271637944
0.9811581652047595
2.6843967648920786
0.38534891838036633
25.883497284397162
1.0445411504595787
0.45866525395812685
5.2066018439594846
1.814774651273432
1.6522469041795906
1.8397201025485674
0.8532579865029439
1.4417250405553421
0.7261776999484975
0.6110090657328251
0.6277432343508095
0.3143020194996011
2.05571172911066
0.07072979379550444
0.4752871138760813
0.35120084242236477
2.0065840277268725
0.9759040882903068
1.2084881465675148
1.045666463479831
2.1719171391608567
0.16073217034497486
0.7593180703391204
0.20426547619228413
1.245352542420846
0.6474906364231451
0.24361624096985368
0.297984666930677
0.3659340795760989
0.08057804628307769
0.21996981636643115
3.0083388641796476
1.0294735342564945
1.8422298512678046
0.5090641778764855
1.760807628687056
3.359240327468699
0.9036026885983213
1.2263394850484675
0.7439473405107795
4.856980301523331
0.6868033648109216
2.4079309505030997
1.6373200024420795
1.0394725771542437
0.7786458217741069
0.6966942044618788
0.4826739901981843
3.162913252973814
0.45508992477811216
1.3249984245110602
3.141371773009077
0.283088422652813
1.4297012638186801
0.47593663218916954
0.4603608228990588
1.6296153687126662
0.3954075938896581
1.8201722816643116
1.3412598248541674
1.6622044468322152
0.9275306008439833
0.48439283526403465
1.4307199742038723
0.7499081196562198
1.2852431963841577
0.3933929270365754
0.7317682246030953
0.9400359069826917
1.9150668587576856
0.687343068636489
1.1326513822979354
0.7536204629425598
0.8624403370907199
1.2716373908374503
1.8941029236623343
0.35813924603386244
1.1823641748186247
1.4306541677899158
0.29023169112913966
1.740552937137724
2.0946857520504394
1.6327459850340083
0.3953538229721108
0.4088163124094125
1.7746496878859765
1.8837376230200975
1.1635459086258473
0.4922343217202479
0.8003528976048885
0.589963414913215
0.6319250279098776
1.606840181572883
1.5765084627008297
1.228565025694289
0.4053066682501284
0.5962664266198938
27.24289129821181
0.2804361726459997
0.7144511399850985
0.25736582937800073
2.0406019746828683
0.6860536520714612
2.2663598660253292
0.44596172277453633
1.4625463787891406
1.2215715269280611
1.209682689981665
0.4286433071709858
0.31261446201143017
0.46313677128246244
0.16542347151508596
1.5147154054338703
0.9321281877395422
0.22731855382555546
0.25811854454223054
0.47142975589544756
0.7385029530647272
0.9817002413006288
0.4342675538031931
1.809537491863998
1.4952836866901198
2.0636955082664605
1.7575000547555262
1.669675157470475
0.9077605568428788
1.6153800057238374
0.701734499442908
0.5744546522043775
0.43741426686048984
0.3518361610457043
0.2425622896055746
1.9498722597945437
0.4015583153001241
9.118530963952253
0.6411920260070585
0.2405319996422593
0.24000141266168745
1.9269928797886406
1.797308036554963
0.855766038427769
0.5851175500221818
0.26118913533651317
1.580983422877442
0.9207506991410566
0.6070224995921406
0.8479316579161792
2.037644378695325
0.2805980759170874
0.38795248695977547
0.3195989189334775
1.8309289734997884
2.905356908536546
0.8629419950155297
1.4320091510843187
0.6675827522532011
0.7218751593035098
1.604324911614036
0.5891673795054845
1.5114878870543398
2.0735262680125643
0.29761746101259906
1.9251931716686386
0.5540853200629708
0.4141965604874646
2.0394066712283956
1.625866558026232
1.8622659087559674
0.20748537653832813
0.6416992490497785
3.866339582440689
1.1614887729091579
1.0735609551602205
0.5842079050460229
2.3112784299175764
1.1938720162282201
2.122930470867297
0.9669714261268648
1.9922933737080237
1.223260471520111
0.5719961883735273
0.6022709779449525
1.5145506287343085
0.9992127063980343
2.131506120655376
0.15422225045517612
1.0763877410397682
0.8615267303042456
0.5690089283399614
0.33913978251037047
2.478967718203527
0.9926958585146405
0.7139839955629951
2.559063955924221
1.8736723585602362
0.854755314658762
1.9528445217573989
1.5467467747467074
0.5849430435670451
0.7456656828517739
0.39853509254700015
0.16126617007563487
1.9463051003402556
0.8269039673793958
0.7483802679423156
0.8563855951594447
0.3068368734480772
0.7177233119559663
3.5804221651587684
1.9864722757154303
0.8285441558802499
1.4341373705008085
2.113323310674883
1.313525239860567
0.8318063457806916
0.3673570551081449
0.8544710114472261
0.7689565338742089
0.38845602588920375
17.029200122399004
0.7456695920473103
1.8098329886550628
2.426399017426474
0.7128036330724129
1.6112111459155352
3.157163044921423
1.7464033963828138
0.791867732466421
1.5158264908653405
1.6189358356789325
0.7879442815926708
0.38117026514670016
1.9502791539551922
1.0130210997661069
2.278140946777067
0.6462393256986819
1.2959752118793353
0.053203410124624824
0.41778950657637415
1.1367294097846181
1.523959111073901
1.1766543809212833
1.0183086314942111
0.8845058301595016
0.9889381939297884
0.1051598399060591
0.5843885295136391
2.2745355061042742
1.551024420872648
1.564072385630307
0.896727926862854
0.905591402842458
0.9116441350961191
1.6402195784426052
0.5885426472286458
1.6757873948161401
0.7020859738118779
2.1958663861352226
0.4780676247548668
0.14475074719001696
0.710375325474157
1.1107318550122163
0.8574062571991852
1.6171266991160382
0.5169681215524264
0.16680852952209285
0.8344444463983601
0.6339227736988089
1.2807645015030984
0.6544269040412966
0.22463014784880317
0.41859256506305165
3.309502119659302
0.18440005534840778
0.5970316957963525
1.1848273544283872
0.6123631455126519
0.9808899977703851
0.9949736843458663
0.24275089201257263
1.024516722285677
1.3092664377816154
0.31456577851900913
1.7376848969167016
1.749337129365167
0.2550245090937706
0.3416603071551805
0.4651491087832231
0.3955439454572741
0.885244291225603
1.0816421713261994
1.2778633116280134
2.010611616954725
0.5963205674919155
1.094743350158317
0.9097993482578534
2.2974611902572417
1.6641287784681909
1.1823045359148208
0.46567059958169194
1.5113230620272973
0.7718685851480694
1.036307277003064
1.7066372617748655
0.9662613692002372
1.6977354419130177
0.18737714959999738
1.6738962486871067
0.12225437507332444
1.025619253164346
0.10174738470056428
0.49080247027182583
0.416157704381368
1.6621375550190447
0.640858749395215
1.3168944930205486
0.6061458276723891
0.6716073541660302
1.0326685754393172
0.6892596423756795
0.8525335714907036
0.6997965030211483
0.36428697201753835
0.42923988717065337
0.9140313008001306
1.0811638657157232
0.3942553646748091
1.0278094390232977
2.410205021140443
0.8729832203195075
1.017779671734718
0.6067846981247629
0.6642354648275725
1.4686401775290585
0.6452165838979755
1.8361004868891913
1.5265818687207933
0.5972927831616286
1.7969224634229302
1.1167671253534799
1.3542669574403947
2.477227344597006
0.14581605145014007
0.3350150290983938
1.7168482471050932
1.6007470302241948
0.10106022461877114
1.9636128919958464
1.2484118052488504
0.35788763047464595
0.4432581885343246
1.048755004988939
0.9350927726392313
0.8564546513709144
0.5206191112253424
1.130997094053699
1.5344675633134
1.9064940393788834
0.8253299586125218
0.3310935703962633
0.3886588574875616
0.3885406669813811
1.940905807629193
1.0212463940651526
1.6953852594752872
1.1218966631113554
1.4831286770255303
2.2425958766778327
0.8303318364247667
1.8135439765235317
1.4550195761956382
1.8732674910527176
2.01737824953407
0.19882422083163825
1.0593183700292421
0.3899104090177214
0.7833660306660594
0.43716816142619064
0.3352700200363515
0.9500288034837927
1.5921766932521997
0.3594406053597725
0.6109118355553305
0.6742934315003042
1.3170165711745885
0.30286458127198057
0.06632069204446583
1.8896106974414888
1.0866319370129203
1.7821763228266918
1.9460763247764692
2.1876603911399295
0.5911204963169638
1.1627714457145775
1.2098813965559176
0.8086453236998495
0.26950703007291604
1.1771309064163242
2.470870873205934
0.18860434516961053
0.8427500430285818
0.5789228845293566
1.780092960172706
0.46053792400714066
1.076407989980779
1.0295828185925955
1.8199770108196618
0.6881091751837991
1.5175888970075209
2.172905546169911
1.1695448182652008
0.5661582406225921
1.264526936937874
2.4847199334054118
1.2374191374140735
0.4906269858394353
1.632375292036712
0.13997612165576623
0.3461523612977444
0.3154263656504816
0.7011794588417432
2.5766089289460585
0.9178225706595718
0.40429510337748453
0.4250640292569306
0.41162882154700037
0.3519167092058168
0.6132428532084845
1.2994296642827508
2.108650095898304
0.1584794069022658
1.2366359387726813
0.24005632148716957
0.6571085724476785
1.0769457497776678
1.107415204319287
0.9873706516173529
1.78073248490924
2.0818037934248337
0.8394825784482768
1.9986309086746181
1.1137288280795379
0.5124392993582347
2.8278144992455108
0.03343745598362856
1.0275213120351763
0.5046766422422452
0.5484905893178972
1.8770120255988227
0.6557651587410648
0.5805416600433851
1.977893892311429
0.5199295065205101
0.43268797140826276
0.8237586576611566
1.392867302363817
0.47636728463330513
0.7626158261020021
0.49990495217647785
1.017725373279262
1.1674078689187046
2.026732331446142
0.6822619676571663
0.6499264579099323
0.9801284387054198
1.6055500427502267
0.6849577087268448
1.3422585574690873
0.809001412707361
0.6501850105619854
3.151481833544088
0.6881734482801749
1.5959810440993065
0.2383491442554012
1.105075302296138
0.5576557699790594
27.26790154101001
1.0764599512882267
0.6444812331320448
1.4937130896299522
0.456899024431593
0.31946997403020716
3.2971336876942443
0.9702569170200291
0.8410448754817688
2.455088405990209
2.5066719552225094
0.6393914148170448
1.0762191658557987
0.7230011672589806
1.060132237481051
1.177291950500493
0.6343052515663585
1.4515710583065387
0.3577640250853388
2.514961434882991
3.6507956421432275
0.3714573201312965
1.7747585941561663
0.2970933069267457
1.4176540814192824
1.0073689126708163
0.7058827728199332
0.9688824479210446
1.5960117270017702
1.4358471622865536
1.2319977592398574
0.7673633152631416
1.2961708805073002
0.9097402384067672
1.2043569911138021
2.665654065370365
1.5269294002777678
1.692475384531031
1.0271660386268124
0.8097736579253998
0.8336045032076874
0.1293418408552103
1.0351755097588164
1.6582794912956909
2.32096085757175
0.3205926562718906
0.43216282720320964
1.0163553882915204
0.29784388233664155
1.816824683178168
0.9739733193569439
1.772954776578967
0.2648537189311781
1.0477058794689647
2.0510586545801983
1.7119055209481346
0.9475505940058192
1.8671760857710424
0.5011801252749826
2.742391926869591
1.5801584700001037
0.6160705351094916
0.9301482235473398
2.2495705805464863
1.598258880167326
0.8001377904111783
0.3044861111645134
0.23971527186348682
0.3881907154527665
2.248856001202921
0.16302500478696558
0.9422111180738406
1.1584727585535812
0.5892594057554037
0.351404969603735
0.5117857237771769
0.7455361794429708
0.5214714567448574
1.5754066556077309
0.8484215204444115
0.5975460786865715
0.45650863899781463
0.6093051732145993
0.6540912167489598
0.9084315004071232
1.9479746976160297
1.6138390253415353
0.5462418532883122
0.40369060760458403
0.4826866208870472
0.3663130331360842
1.1006365113335872
0.3894801130597894
0.7261917801636493
1.7297642060189358
0.6313498532430921
0.9865217181928677
1.8534444599719189
0.2513554551690635
1.9393334864957463
1.1756552038506916
0.17420159324311452
0.34933450025462803
1.0376994815440888
0.8928666024464145
1.524017248857547
0.20337738839659295
1.8194489492221977
0.34241126291012336
2.6544505339954343
0.46798330707343094
0.16528214167802974
1.5332294916399014
0.18671680579132524
0.40581111269722675
0.643523509591785
0.11772976127018975
0.16662843209658343
1.1628300476998412
1.0367700544015963
2.162555634391631
1.6527714339161512
2.1185356492836327
1.5109620380741873
0.7314763152362971
2.0808868659402324
1.4876174609302568
0.8714874444718826
0.4928918694685589
1.1513684015657835
0.8794472518384437
1.5852738413040777
0.7829982231684279
1.301859654551133
0.6477024618048642
0.965558545163089
0.48920273050088403
0.5206250234747041
2.9657572026623567
0.5116469316433837
0.7697677712635674
0.4420015167609182
1.0866327064278598
0.8234581207120448
1.9100592364692794
1.7406951132303359
0.828456134077348
0.854389969951673
0.6041590467354228
0.5112354741572382
0.24247208453322355
5.404861827483909
0.5916081825371017
1.6550831675017974
0.42615037207659395
0.6911857941008371
0.7794600582239577
0.505134650633442
1.2016332632543703
0.3576516611254356
2.168910206952932
0.20542322965479845
1.5191285690924443
0.8519500239862217
1.7223494995977129
0.5008881700122965
1.303184794589292
2.0631328363755683
0.0378125911024979
0.42513853855528894
0.40589037607208195
0.3960280673778154
1.8387923582283918
0.2809350379763982
1.350195166662425
1.1230320775112332
0.6189475997628604
0.9355090575557599
6.076066984244946
1.27494290172866
0.8953164295847015
1.4619930979041418
0.9228505673226947
0.45885723190985317
0.6352192284767356
1.3099975271392894
1.808772603471997
1.2244302520925003
2.0208270864781617
0.45536749321314235
0.951508597530246
1.1160492545720433
0.5475169866294952
0.47123493695216945
0.7223504440102607
0.9360212473937969
0.7727644866811703
1.2776670436999358
1.375892799968575
0.5380707287500326
1.2422063466160373
0.9531412659056434
1.2854200733698289
0.2298006077621707
0.8441363473855258
1.2556637574848417
1.2065062317750594
0.6128374401547386
0.9770483202545822
1.8631736525125608
0.6185322087782767
0.5734319965785925
1.0979990926066447
0.5037467322223949
2.0577948602058034
1.238294104721077
0.4948584663963291
1.916696182568832
0.4974522489423851
0.5516956510555407
0.39178998686508854
0.6509435190128966
0.43853533927516314
4.196096730043242
1.0930193274191828
0.6677793059032479
2.1727981608937523
0.2409887114311348
0.3292132728867042
1.562395593203406
0.7642146889998612
1.8884099365539269
1.26278815503717
0.8534383428845129
1.0659669503959863
0.5664203020557319
2.10163502971914
1.8454262975264715
1.235804063279202
0.2700075658247975
24.263332552213637
0.7636121238614944
2.1254226180263447
2.6130270326085756
1.3886787046251698
1.6635915558141572
1.2735134277786115
0.15112599735153218
3.3459051857865574
0.1975458458412317
0.7481130814651542
0.9302257003573249
1.137832024390963
2.120913842614471
0.7598068774602215
0.4471654160350089
0.9207703465290016
0.5029008060174823
1.4677458981476548
1.2290301873701983
1.6405735981670988
1.7595686073904018
0.38071333561213905
2.743274102474288
1.069697067672854
0.15496827930652046
0.5384807362308368
1.2024707409151523
0.31829134587160884
0.22667730019708876
0.951856291250421
1.0776225143136622
0.7028371122864814
0.9309377198564696
0.411834007287778
0.4027727530746844
1.7439561632728804
1.0120478031783253
2.180072535783138
0.32638189032901493
2.101385734170869
0.3206057215174164
0.5272133610305364
1.552773972629151
0.5112769082597489
1.2234796462564166
1.110440908758873
0.9393691952921186
0.2526210853407123
1.5397865227545429
1.0735087848310796
1.0163289262729744
1.4351644322444574
1.4535647047143192
0.1443944335549979
1.0464960056611863
1.9753037970725675
0.6645332049431462
0.5000745379983415
0.9241833385814687
0.7171147559558996
0.9502288233178137
0.22580056842334098
1.4838461980016138
0.2765117666039024
1.306646642946864
1.0427094727639847
0.16380166171699775
1.1159295818722925
0.42418570236650155
0.8993332568953262
0.623462781846281
0.5946347776191379
1.239245159613537
0.26385943381519344
1.1056199344456905
0.6244386290446133
1.9535191906658986
0.23642958743858858
1.8865961718271445
0.8879435011450402
0.4843048328351092
0.6627733868064493
1.197443640688038
1.4184975704253473
0.2705802277830112
0.8618419441610099
1.0825296844760324
1.176202282711953
1.1446092582247172
0.17271066734479612
0.2777934353505399
1.5609274188057214
0.7703652412246687
1.4932225924016393
0.19823796982431707
2.190219777309468
0.9075767918343758
0.35373626535704095
0.3500275297649295
1.5991952883562888
1.443739065912091
0.7415157445461321
0.09409477959587553
0.5698528624448597
1.3015401333984677
1.5669854283596025
1.0073152155636216
0.7189044501219635
1.1288390111344029
0.9077707997695653
0.954258267102277
1.0169458566724967
0.8601922592192819
0.3694127901778743
1.7961602367649132
0.8073157031462314
0.3166856033095036
0.700225105293209
3.576942240669463
1.3708492214796086
1.3504947537335736
0.969176968129711
0.5912008594666041
0.19766876531118574
1.1212213503110433
0.2623542919457468
0.6196708428322605
1.0279939132367384
0.5033913017316013
0.3308694141587222
0.6525209302175592
1.2528591828398619
0.5610074722118864
1.2263243584589762
1.4123835626166379
0.5643633462553871
0.5972484413935589
1.866504086231229
0.7212969746271315
0.8278046143021507
1.7833866620188428
1.104250812266852
0.4912036684910883
0.9341831852557178
0.35263945844815026
2.0368029140834656
1.5701913401849854
0.8075315478300706
1.346644545103297
0.8120225299818994
0.39564562968945144
1.146843813212844
1.6070623373643842
0.9343003072489479
0.1140419821835669
1.3228006482465233
9.541213796996761
1.0019378896851785
1.0326888788113207
0.15746930996275008
0.6541716262497274
0.8646363328018882
2.454617500804863
0.5062618254658833
0.9055294160769299
1.5632271890858669
3.769894403400072
0.9894297905246828
0.7568102549607691
0.13295333049622093
1.203712464868008
1.8908207545877604
0.5566587940117705
1.9087494160806788
1.8387267179019913
0.599778316220679
0.2442584185925659
0.632748358721934
0.6972716220294054
0.886859245233655
1.117798011580233
1.0220545020486218
0.7942464172641007
1.7401653878695402
0.5415477889641296
0.18645510818151045
1.7920833715201063
0.6751907985802706
0.12484634422929239
0.9439673102973348
1.4660481355138513
1.950604205545857
0.20666068848142746
0.6267819954435718
0.898725883969049
2.4295466144258313
1.1200359218864193
1.2298793036483844
2.539071034201942
0.9455099189184021
1.83514240852869
0.902157378240245
0.7563128930762475
0.8589060617841089
1.850624589730031
1.0102791853742161
1.7438921465545643
0.9647290178154567
2.2803374071165905
0.9673830184962255
0.9480128414896932
1.1772618608120957
0.6911813210540179
0.9490664883964823
1.4800035114444734
1.9146220055609438
1.7498933102742507
2.017500504674937
0.6629942541920819
0.6099454284275468
2.673806612927709
0.5527603628590452
0.42129231543621604
0.34452537871380157
0.14594084393950524
0.8308235272283533
0.9816624831409957
1.178869747570074
0.6849098103811223
0.7090052136282995
1.7900763364800734
0.5900636309459041
1.9726204623957817
2.0887090405114606
0.44898954481850817
0.4738412348673127
1.392470252968876
0.6124852388666893
0.40506653697928247
1.8838780079840662
0.35627693719703507
3.337140940801035
0.3318181199380743
0.44898914893052916
2.118326147550741
1.143782839692621
2.0399673638626608
1.317715761752326
0.08460006523916945
1.5627142223231316
1.4280314538667602
5.253773957767976
1.2709498851401242
2.033850559642869
2.698836993391832
0.1974699705162686
2.142525865930608
1.2089834379644298
0.4992115122038248
2.2062358996106672
2.551427809924881
0.1270621372979385
2.5440766238666193
1.4915613142599788
0.9786472771535744
0.7119665663429202
1.2919041467655998
1.5450612988101418
1.365064293235193
2.423574836906283
0.8766234178350931
0.37627493838478854
2.456946634497724
1.1219806827364007
0.2683314177386832
0.35286468001402865
1.5943219489697233
2.3890498780731844
1.4518158911829757
0.3200909455769111
0.5777896858222442
0.2775503703855435
0.8570239564309622
1.3172229506164923
0.3658618274970524
0.8468041817923627
2.2787876925608086
0.31975418598345406
0.3959927187131625
1.9216264800145073
0.2420654914316035
1.0028859616662607
0.7225616876191904
0.5764556666637022
0.830214646012318
0.8703233321989449
1.260851828745509
2.3670121901458034
1.0924386660045073
11.648725881617741
0.5147138399195058
1.0705990900859166
2.1586057113232844
0.308660387809985
1.024470737461387
2.3658502014980276
0.86416458899321
2.0627831154320257
0.31096222195081313
0.7525552252021096
3.1663755626667545
0.23847846468828723
21.485882639718653
6.220178638317754
1.2227423672226783
0.6649404326203061
1.9362381959387247
0.8498687196765146
0.41799302862613924
1.5487978200917523
1.0013364524555282
1.1814280819150735
0.75098778553953
0.6120191202366635
0.7708783899093351
1.2213814372146594
1.8862160864351423
0.425962775428035
1.342717234412201
0.7076807963557841
1.9623860966924114
0.13881985890431836
0.11159920762919653
2.8828441066987085
0.5183560454475765
0.8792037915890456
1.860977112778013
0.38036174610864454
0.7847190297246853
1.426910079442144
1.505245907998512
0.623876031582098
1.3944134998376334
0.7426401884948827
1.69586908676787
0.220968003564451
1.06757439011903
0.9206173720310381
1.397710374379062
1.8757697822491601
0.607525344891617
1.045000156697692
1.3998097794791087
0.6812404658631286
0.7435922033538797
1.0820621178622396
2.0327785758559425
0.19920082180260154
0.13136727610819776
1.412317930729194
1.0952847628585887
0.7958301220005995
1.2565122428915265
1.3565581857937665
1.76987114037366
0.7177771912416426
0.855714240600386
0.2736556446310643
0.46887711471174626
1.1796557169144537
0.5977397250915788
1.7614762834366073
0.5475092432860079
0.9065376314856581
0.3697647450062134
1.6767802724794512
0.6878323509793115
0.6249871810895852
0.49407580184681943
1.10890998648054
0.46864567704745635
1.8513581639213383
2.3064634179300865
0.7457940555143144
0.7875147842586303
0.5828369815387815
0.36824554993722675
1.2573440090419814
0.8016803267607794
0.5678157522672921
6.995315140646397
1.284330655663363
0.17289992004013158
1.3639404274957376
0.822535090917889
1.412716626556698
1.026575152462644
1.3511434847969845
0.21069806461027912
1.3184728551889902
1.1524669358334123
0.2726195305828394
0.8871228980409095
1.5657000411408708
0.7032837532234942
1.9087101765185708
1.761555843127064
1.0321867357852925
1.9358512926218578
0.6065117408976212
1.9621325584799085
1.3340488305030178
1.9473777463109927
0.6785400171092305
2.555356984977501
0.5343944767878817
1.7897019644069538
0.6075340875388969
0.9698853108350909
0.6698159049994032
0.3471137980281223
2.0245358482117384
2.0690691424640284
1.3516473361729036
1.1288750119980766
0.2721547258036694
1.2310532701592958
0.45846904081950907
0.6931413772861224
1.5189707923172755
1.8337081831923217
1.0139788865415147
0.1811326432891991
0.8730108788390649
0.6569691983500223
1.1215276630669817
0.48498455674132096
1.4177940450669149
0.181950948886949
1.8755928112907025
0.06735342483095962
0.3871838592358338
1.5432372817746869
0.4410663955049286
0.5465952005945621
1.996374384128478
1.1600131444456394
1.0690256606238477
0.454637773335483
1.1517203318716973
1.548395756659609
0.8342068771611393
1.2750608709018671
1.6407615390618804
0.9477501436333952
0.5310325696184437
0.7163110669990975
0.44324667389204425
0.6549725167670819
1.1400057909799874
0.7028743963067099
1.8564811399663024
1.2526026639735128
1.1819982329298515
0.6782376130760578
0.9938657494879637
0.1825690797203572
0.6893657954165449
2.693630424886867
0.6542019084031746
1.5003312348552185
0.17887843237103115
0.9918093709977261
1.0001501890954747
0.3149887669062569
0.4147503404031535
0.9318801078103325
0.6347545307091815
0.701961619569507
0.7467819560064949
2.149303906499864
0.4231567005654184
0.4762982331487231
2.210061140168225
1.077698819713767
0.8265757951515813
1.6773612116482315
3.475970821105281
0.5982308721638213
0.6237924010056743
0.6011949415267085
0.6033692715894764
1.1615881197332203
0.8484631517917319
1.9969406067020858
0.9256236614646148
1.603176922119514
1.2557125883687859
0.4358313992419902
1.2980520124261536
0.30612420946209995
0.30787952280764985
0.30436554869321936
0.6435568830529295
0.5147966353448615
0.8913769746055357
1.3926441392020419
0.11996519106334183
13.137035953369248
2.7080704180604447
0.8446799843462601
0.7788455373233029
0.7777318482262326
0.6568150591849222
0.22014570723263704
0.23667922548125542
0.3269352390183916
2.9763874053134627
0.7534604255511885
0.49266260300732156
1.0209398855140452
1.8602184294484574
0.5061073912854115
0.6273052017989713
0.322351652067198
1.0264764019171506
0.8747225855387605
0.9914500213993271
0.8698564345818629
0.6086007955782784
0.11523600011229336
1.1096716744066593
1.030653605140943
0.28851988298167336
0.6334908843435223
2.216240283284983
0.7214931335746491
0.387336571206967
0.5412018257639951
0.4700900980421015
1.5267898246265035
24.189458198882008
0.8407654275812715
0.7980052628109725
0.868247827083257
0.9899428061431491
1.746902170096106
0.6197672758686668
1.8481276571286396
1.274568356940733
2.5827928483486136
0.4896309506982954
0.34332891741813276
0.9220797892224974
0.47161960682952364
1.0466368208279244
0.6225361566080024
1.5755935585628225
1.3094239527868126
0.3739449254349052
1.4881593422214825
0.28365250595367636
0.2018971015020517
1.846700999554811
1.528357897001022
2.077599310686698
0.6071682046148564
6.723538154340361
0.8063935155972535
0.6860016246544601
0.5468877141012216
0.2166458638147622
3.2893253971234944
0.8755597035391691
0.8561745095231549
0.9324675006020516
0.43715634986578666
2.0117563866218946
1.7460514309196207
0.42986547680952725
1.2718113662677144
1.1095347726540754
0.7376009518016045
0.5414661912732419
0.37347953528919225
2.2595722431165743
0.8355565467390514
0.2910522231808438
0.9901057422146486
1.3086509282050853
0.3427591190448862
1.0074143825967914
1.0924900783427158
0.6772113992614981
0.6354868833524702
0.842493903844063
1.0506630790504383
1.3724658556474447
1.257912124029941
1.0590058238048585
0.6487428311915616
3.714180168741634
0.2992058765798504
0.6432732105773603
0.777495144673312
0.9683961615286883
1.182411581820864
1.4190186381739252
0.19458416974423456
1.4568412394075776
1.5507208868896767
0.43728963135735427
1.732979853987112
0.8926854410548136
1.6220269515981554
0.8772662930507649
0.7942779288702995
0.13571468774300638
0.7741387366117624
0.5612440945577704
9.242966049132018
0.1825739025898485
1.898471160007386
0.7130064564932599
0.21750299509046978
1.2407907442438513
0.5804363117572353
1.6677827231472622
1.0257578098334748
1.8472870421961483
0.33838056715841425
0.7491893485129214
0.5530385654282817
0.6173358324164191
1.3612149747913314
0.7930752250064489
1.3824544176676892
0.72389437762686
0.317317279116927
2.63809159889777
0.9326187378797086
1.5771912756690931
0.8774088452361759
1.427254228044055
0.7789803842425992
1.5633631855341208
0.5232344846145452
3.444998559882522
0.3835924960985708
0.9867003088698975
0.3362305725778348
2.0088281380818676
0.6608811658888141
0.6668776313026752
1.3557934307322235
0.5508027359765809
1.9225245287946753
1.251518628628562
0.7843623308967915
0.5644295828932007
0.8446132253055139
0.9655549569315627
0.18871399557648605
0.774713065175088
0.0659933389822714
0.05816246226206635
1.5612413610638214
0.989401484611611
1.616517698942594
0.29388535165184887
1.4014962513139775
0.12098447604924034
0.339966126474064
0.4671009193976208
2.041406171983018
0.45757350926849705
0.4170287552787498
0.9519933538210249
0.5562264578976178
1.2981134069652913
0.2804024287147308
1.1426887350266979
2.1677631429409705
0.8849517438053663
0.8551605338620704
1.7084562545808377
1.9903329481053895
0.6711906268039602
1.1404149521158327
1.5377942880160609
1.0424392630604484
1.1168498978117076
0.20070485355503268
0.8379258929508958
0.36224414676117667
2.1067627471633688
0.7654389758032595
0.3243709676325115
0.6841987652431086
0.3936159665683815
0.5783558822116291
0.57908540279728
2.8762194003359927
0.41133420895575107
0.1894345834487539
2.839639055775769
0.6234675950259349
1.086980072234119
0.8339413332621636
1.0346245242646472
1.2176057069888258
1.6429892734529883
1.3395390976671067
1.7382097102201632
2.403664174592005
1.8775682271814809
0.6688532174733044
0.6579459969252224
1.1855999146589058
3.1068392741903197
0.9019615789481183
2.0935918697595217
0.7314280820009773
0.715199071862418
0.598023907935754
0.13004270448394628
0.5711666948979593
0.779763544779796
0.39991064496918377
0.4385213446761938
0.3785182981043129
12.487235484761092
0.2585830030295196
1.8763255453071812
1.5823799219612174
0.1471835080544238
0.8447540283673554
0.6676166597758072
1.6241902950825002
1.6585036743006232
2.062332781095527
2.459627083819805
0.23817908702331886
0.2845778703459366
0.9922141734299149
0.4294193356888724
1.709965256437258
0.6974629871624193
1.3612016121616934
0.250917003471433
1.5952980434512276
2.0530074591488683
1.4635421419950145
0.5524455160790572
0.4774594170521961
0.10351990178467789
0.6415877195145183
1.0832263018525372
0.8799816320663832
0.21654360241322113
0.5238473405976739
4.834438641706455
2.821280719453325
1.6267145362280104
0.2783317122219636
1.384208314858223
0.5755266258704137
0.5873344010132467
1.7741413383728935
1.6234149583592363
1.6902870701693578
0.4459707347095632
0.9607586308977188
2.0170270851374483
1.080865517015408
1.9777234556448537
0.6649475572227783
1.279066655051788
0.6082743881303619
1.0658648517561942
1.2488027817104173
1.2813680106273886
2.1671550714672474
0.6908696064883801
0.8194755100434145
0.9651358235693464
1.2443669476026382
1.872479730323197
0.4272152778725506
1.4565331217399486
1.0859051907415027
0.6239486955771698
0.9767398255053351
1.2600119550532465
0.8420915049492259
1.8054153352844389
0.34560136405273045
1.668575015621232
0.5043961442460259
0.47510782041256006
0.9845950569144424
1.9311947442597068
0.3525347825464747
0.42848390820613164
0.48828748155388274
0.5718776354903393
0.9737097151249087
1.2301847080190047
1.0099778373736663
1.27883206749069
1.7266479200518916
1.7580168253363913
0.23319938581212363
0.5909309466402617
1.5661221098838412
0.5433453619749004
0.7981570912464684
1.0623449399216465
3.7750312837397404
0.366439003420429
2.1625001606432748
0.5632861494240217
0.16761066851847992
0.8419194137059908
1.5947972196396378
0.4897375245391599
0.8197331675454699
1.1226894479989924
1.4132990540362003
0.20356354185597295
0.6997585415777768
0.8221873661258993
1.3189469730878784
1.8184894185863811
2.028104991395313
1.0407389314029316
1.0830463880472934
1.5839956278232503
1.243222666965748
0.5578703855963515
1.700925223527102
0.38585174655810994
0.8093969041083366
1.044130783860823
4.79350409852471
0.41285166288394776
0.2525582023774151
0.7414569159591506
1.7201125666582135
0.06709377651453118
0.7152849361270932
0.4533573013173921
0.3810103853095348
0.524463948706171
0.4513134248242987
1.2463346978143306
0.2582298240155661
0.8450974647798268
0.4595985624315227
0.6792625515950268
1.33524128464954
0.6560609375407804
1.703603662348436
1.6566073855003949
0.33570115290019487
0.19996492704811283
0.460065858636293
0.41943239832960116
1.4625575926390395
0.8239904580516972
0.7144313163087211
3.324910679599435
0.05861700790373434
0.9666676523009902
0.669455288924614
1.4295619904745964
1.6435064771984276
0.43210655720656754
0.34657623914964963
0.4599938231349053
0.13136946481380363
2.499924344129716
0.4049085139282264
0.4776697341840869
0.5598819399453587
0.9410153507559963
0.5329777381235513
0.7398441243879027
1.2655191796984655
0.7414709872962356
0.8266171859590713
0.9878107130991817
0.6825041936947839
1.4034008235360573
0.38437373020522353
0.6469549668788139
0.3910452321589393
0.1654006928165142
0.6407785693055952
1.2974603777408549
0.3586772571707899
0.14667615672493087
0.5925683461133574
0.3087683824109978
0.476747632191536
0.3404919857826416
1.9031720888685204
0.9046751138563882
1.1853438971353556
2.5492408511357363
0.3608780371669253
0.7826693901422481
0.5935219519842017
2.2738263487871846
0.8187352255720077
0.8694338230661558
0.9779147414680627
0.5206726565174239
0.3559779102564685
1.904376879332778
0.33270234633429263
1.178742396759396
0.6713095079438355
0.7245306586137554
2.044965501932329
1.6709213179602298
0.9707133250794143
0.5804677565608416
1.9339222881196527
0.27977077484840535
1.329803410796569
0.6296683959324724
2.4107066493265865
0.24361199396761482
1.2922530365880947
8.32471007667834
0.4417704083174321
0.6092728965376956
0.8835058186486594
0.8210819780232012
0.49046832861201234
1.1682985985245165
1.7670163626705826
1.6774298076049907
3.4004362121403404
1.2726660832042618
0.6398200271306187
0.6579825697489925
0.8613235221051888
0.3026779101059895
1.4285656073711421
0.7948274394531121
0.7188862422812434
1.4608371918401721
0.1871366808629466
0.5306439377415063
0.756922362875294
0.7668912686088712
0.33646327940132675
0.18452590121500229
2.1139951170948255
7.6916681067137
1.8446439715435172
0.9062158056917808
0.28949088567968045
0.9498317945184948
1.6001448681462351
1.825406532013022
0.07085033873390885
0.8879811997168979
0.45015761456079734
0.7630076074224478
0.45608330864066293
0.7281040189114136
0.6667934918196771
0.2237689092635713
0.6702752300041208
0.7129096875553955
0.44399681716753797
0.7742216949925286
2.2992258061250523
0.44611419777753547
1.324648134612403
0.7479741862576701
0.7774258719215682
0.6120809872103302
0.722348329733055
2.311796670660293
0.5134836170088145
1.0490095032154505
0.40876283911757544
2.088962682304109
0.1494233176940955
2.2568345627364312
0.6034576893836032
0.5970890324668549
1.6699636302346363
0.36338370026642547
1.51013788464614
0.15736875321541657
1.6575861108651182
2.587234296729948
0.8146727181609419
1.7604731513037901
1.6620614549399535
1.7567544918613363
1.4591421177469326
0.4882191137807567
1.973220514094858
0.1689072302124602
0.6094337678328572
1.658850308567546
0.36745613594481125
0.7693804470354207
0.5917953294054805
2.04402850171373
0.48537294200808306
0.3050275881688228
2.8261380559978786
0.5920206123314452
0.33514158341013667
0.2911087879299998
1.9169648416615357
0.4233920531804337
0.8382099834956599
0.878318635893679
0.308198929727047
